System.CurrentDirectory  ./
System.Name              test
level.of.stdout          1
level.of.fileout         1
DATA.PATH                ../../DFT_DATA19

scf.XcType                GGA-PBE
scf.SpinPolarization      On
scf.ElectronicTemperature 300.0
scf.energycutoff          200.0
scf.maxIter               100
scf.EigenvalueSolver      band
scf.Kgrid                 4 4 1
scf.ProExpn.VNA           On
scf.Mixing.Type           rmm-diisk
scf.Init.Mixing.Weight    0.01
scf.Min.Mixing.Weight     0.001
scf.Max.Mixing.Weight     0.200
scf.Mixing.History        15
scf.Mixing.StartPulay     5
scf.criterion             1.0e-7
scf.lapack.dste           dstevx
scf.Hubbard.U             Off
scf.Hubbard.Occupation    dual

MD.Type                     OptC5        # Nomd|Opt|DIIS|NVE|NVT_VS|NVT_NH
MD.Opt.DIIS.History          7         # default=7
MD.Opt.StartDIIS             5         # default=5
MD.maxIter                  3000        # default=1
MD.TimeStep                1.0         # default=0.5 (fs)
MD.Opt.criterion          1.0e-3       # Tatsumi 2026 Acta Mater Eq.4 convention

Atoms.Number             128
Atoms.SpeciesAndCoordinates.Unit Ang
<Atoms.SpeciesAndCoordinates
    1   Co        3.1397480214       3.1427378744      29.0341623100    8.5    6.5
    2   Co        9.4192353432       3.1427266238      29.0342002756    8.5    6.5
    3   Co        3.1397397130       9.4282443629      29.0341710559    8.5    6.5
    4   Co        9.4192381797       9.4282480755      29.0341746558    8.5    6.5
    5   Co        6.2794689907       6.2854936871      29.0341764104    8.5    6.5
    6   Co       12.5589597260       6.2854907627      29.0341794322    8.5    6.5
    7   Co        6.2794683277      12.5709973721      29.0341628005    8.5    6.5
    8   Co       12.5589738826      12.5709948480      29.0341695803    8.5    6.5
    9   Co        3.1398104855       3.1426770351      31.4778374536    8.5    6.5
   10   Co        9.4192773419       3.1426169717      31.4777848319    8.5    6.5
   11   Co        3.1397673024       9.4281683200      31.4778246366    8.5    6.5
   12   Co        9.4192792507       9.4281885195      31.4778181030    8.5    6.5
   13   Co       12.5589796688      12.5708905630      31.4778326442    8.5    6.5
   14   Co        6.2794114998      12.5709151107      31.4778441230    8.5    6.5
   15   Co       12.5589022509       6.2854247043      31.4778217572    8.5    6.5
   16   Co        6.2794171598       6.2854317956      31.4778252815    8.5    6.5
   17   Co        3.1397358455       6.2855093708      20.3945613192    8.5    6.5
   18   Co        9.4192308712       6.2855006121      20.3945580603    8.5    6.5
   19   Co        3.1397330143      12.5710177247      20.3945649183    8.5    6.5
   20   Co        9.4192282021      12.5710195409      20.3945558610    8.5    6.5
   21   Co        6.2794853252       3.1427476161      20.3945603971    8.5    6.5
   22   Co       12.5589730937       3.1427571725      20.3945650124    8.5    6.5
   23   Co        6.2794752726       9.4282641241      20.3945685029    8.5    6.5
   24   Co       12.5589758857       9.4282696143      20.3945700494    8.5    6.5
   25   Co        3.1397342624      12.5710191777      23.1243395258    8.5    6.5
   26   Co        9.4192283279      12.5710204405      23.1243482473    8.5    6.5
   27   Co        3.1397366351       6.2855117037      23.1243427479    8.5    6.5
   28   Co        9.4192293804       6.2855028299      23.1243453742    8.5    6.5
   29   Co       12.5589732703       3.1427582813      23.1243314368    8.5    6.5
   30   Co        6.2794839368       3.1427506040      23.1243342836    8.5    6.5
   31   Co       12.5589747471       9.4282714962      23.1243261212    8.5    6.5
   32   Co        6.2794754802       9.4282644402      23.1243264756    8.5    6.5
   33   Sn        5.2402576617       2.1027597361      30.5476383680    7.0    7.0
   34   Sn       11.5197030613       2.1028100537      30.5476332241    7.0    7.0
   35   Sn        5.2402814386       8.3882372317      30.5476371839    7.0    7.0
   36   Sn       11.5197598916       8.3882310054      30.5476382064    7.0    7.0
   37   Sn        1.0390237171       4.1828654653      30.5476273599    7.0    7.0
   38   Sn        7.3185470532       4.1828457759      30.5476281667    7.0    7.0
   39   Sn        1.0390487572      10.4684131711      30.5476361134    7.0    7.0
   40   Sn        7.3185390568      10.4683708301      30.5476331790    7.0    7.0
   41   Sn        2.1006251052       1.0400957435      30.5476362499    7.0    7.0
   42   Sn        8.3801880701       1.0401977241      30.5476385253    7.0    7.0
   43   Sn        2.1006674720       7.3256687891      30.5476379259    7.0    7.0
   44   Sn        8.3801445519       7.3256539600      30.5476345126    7.0    7.0
   45   Sn        4.1789792852       5.2454686464      30.5476467655    7.0    7.0
   46   Sn       10.4584836107       5.2454755970      30.5476426479    7.0    7.0
   47   Sn        4.1789699016      11.5309877271      30.5476442288    7.0    7.0
   48   Sn       10.4584447133      11.5309549246      30.5476436125    7.0    7.0
   49   Sn        5.2372397618       5.2434335385      21.7549985851    7.0    7.0
   50   Sn       11.5167271593       5.2434065961      21.7549989990    7.0    7.0
   51   Sn        5.2372379429      11.5289242550      21.7549989159    7.0    7.0
   52   Sn       11.5167274332      11.5289006760      21.7549981372    7.0    7.0
   53   Sn        1.0422584177       1.0420904836      21.7549986102    7.0    7.0
   54   Sn        7.3217295277       1.0420956713      21.7549995900    7.0    7.0
   55   Sn        1.0422417871       7.3275952399      21.7550002960    7.0    7.0
   56   Sn        7.3217165696       7.3275961325      21.7549998709    7.0    7.0
   57   Sn        2.0965486732       4.1857856802      21.7550018681    7.0    7.0
   58   Sn        8.3760467351       4.1857938341      21.7550014792    7.0    7.0
   59   Sn        2.0965325461      10.4713209546      21.7550012513    7.0    7.0
   60   Sn        8.3760592352      10.4712898102      21.7550012595    7.0    7.0
   61   Sn        4.1829166542       2.0997182433      21.7550009692    7.0    7.0
   62   Sn       10.4624147440       2.0997296123      21.7549995129    7.0    7.0
   63   Sn        4.1829524144       8.3852146189      21.7550005455    7.0    7.0
   64   Sn       10.4624123420       8.3852553679      21.7550012860    7.0    7.0
   65   Sn        4.3537781659       1.1917916085      27.6208737773    7.0    7.0
   66   Sn       10.6332717831       1.1917928518      27.6208714548    7.0    7.0
   67   Sn        4.3537791500       7.4773013705      27.6208747482    7.0    7.0
   68   Sn       10.6332730807       7.4773017416      27.6208724035    7.0    7.0
   69   Sn        1.9256878453       5.0937130187      27.6208693317    7.0    7.0
   70   Sn        8.2051790359       5.0937162044      27.6208673151    7.0    7.0
   71   Sn        1.9256872679      11.3792253523      27.6208748208    7.0    7.0
   72   Sn        8.2051782276      11.3792248977      27.6208692028    7.0    7.0
   73   Sn        1.2140469356       1.9509538469      27.6208516067    7.0    7.0
   74   Sn        7.4935384476       1.9509533200      27.6208533174    7.0    7.0
   75   Sn        1.2140474194       8.2364646758      27.6208526716    7.0    7.0
   76   Sn        7.4935394899       8.2364640180      27.6208518124    7.0    7.0
   77   Sn        5.0654224813       4.3345524748      27.6208574090    7.0    7.0
   78   Sn       11.3449175490       4.3345528598      27.6208571724    7.0    7.0
   79   Sn        5.0654257365      10.6200641722      27.6208571731    7.0    7.0
   80   Sn       11.3449179639      10.6200627642      27.6208575209    7.0    7.0
   81   Sn        1.5689959073       4.7104309206      15.9029822282    7.0    7.0
   82   Sn        7.8484888754       4.7104307291      15.9029818942    7.0    7.0
   83   Sn        1.5689971463      10.9959414054      15.9029813889    7.0    7.0
   84   Sn        7.8484898726      10.9959418839      15.9029836520    7.0    7.0
   85   Sn        4.7104768413       1.5750767291      15.9029845545    7.0    7.0
   86   Sn       10.9899696780       1.5750766659      15.9029847561    7.0    7.0
   87   Sn        4.7104779648       7.8605872481      15.9029829353    7.0    7.0
   88   Sn       10.9899711976       7.8605870983      15.9029870357    7.0    7.0
   89   Sn        4.7087379737       4.7178279715      15.9030313923    7.0    7.0
   90   Sn       10.9882310242       4.7178278621      15.9030297653    7.0    7.0
   91   Sn        4.7087391148      11.0033385324      15.9030309569    7.0    7.0
   92   Sn       10.9882319026      11.0033384249      15.9030297458    7.0    7.0
   93   Sn        1.5707353264       1.5676801813      15.9030301028    7.0    7.0
   94   Sn        7.8502277307       1.5676799345      15.9030286486    7.0    7.0
   95   Sn        1.5707367262       7.8531912458      15.9030316424    7.0    7.0
   96   Sn        7.8502296377       7.8531905773      15.9030304629    7.0    7.0
   97   Sn        4.3492949959       4.3524161434      18.8751129970    7.0    7.0
   98   Sn       10.6287872716       4.3524159136      18.8751162997    7.0    7.0
   99   Sn        4.3492962281      10.6379257671      18.8751133614    7.0    7.0
  100   Sn       10.6287885074      10.6379262373      18.8751182787    7.0    7.0
  101   Sn        1.9301774377       1.9330867276      18.8751159082    7.0    7.0
  102   Sn        8.2096703178       1.9330867337      18.8751148951    7.0    7.0
  103   Sn        1.9301790833       8.2185971208      18.8751106753    7.0    7.0
  104   Sn        8.2096725352       8.2185976228      18.8751114870    7.0    7.0
  105   Sn        1.2095328724       5.0758613842      18.8753096559    7.0    7.0
  106   Sn        7.4890244894       5.0758608753      18.8753109613    7.0    7.0
  107   Sn        1.2095319127      11.3613715616      18.8753139653    7.0    7.0
  108   Sn        7.4890252201      11.3613713152      18.8753053027    7.0    7.0
  109   Sn        5.0699430749       1.2096429693      18.8753104329    7.0    7.0
  110   Sn       11.3494345481       1.2096425483      18.8753084850    7.0    7.0
  111   Sn        5.0699447266       7.4951526222      18.8753167693    7.0    7.0
  112   Sn       11.3494361842       7.4951529911      18.8753059542    7.0    7.0
  113   Sn        1.9334179124       1.9605638442      24.6244489310    7.0    7.0
  114   Sn        8.2129120456       1.9605627300      24.6244483892    7.0    7.0
  115   Sn        1.9334195512       8.2460739282      24.6244517326    7.0    7.0
  116   Sn        8.2129139679       8.2460730848      24.6244529023    7.0    7.0
  117   Sn        4.3460557901       4.3249483690      24.6244526484    7.0    7.0
  118   Sn       10.6255499679       4.3249476543      24.6244506316    7.0    7.0
  119   Sn        4.3460583964      10.6104590458      24.6244510795    7.0    7.0
  120   Sn       10.6255485219      10.6104592629      24.6244450733    7.0    7.0
  121   Sn        5.0731600045       1.1821809305      24.6242741244    7.0    7.0
  122   Sn       11.3526525655       1.1821814149      24.6242772874    7.0    7.0
  123   Sn        5.0731612564       7.4676915207      24.6242708207    7.0    7.0
  124   Sn       11.3526534486       7.4676914629      24.6242783098    7.0    7.0
  125   Sn        1.2063104230       5.1033289432      24.6242730151    7.0    7.0
  126   Sn        7.4858043927       5.1033303465      24.6242726054    7.0    7.0
  127   Sn        1.2063120078      11.3888405371      24.6242691807    7.0    7.0
  128   Sn        7.4858062403      11.3888410089      24.6242762668    7.0    7.0
Atoms.SpeciesAndCoordinates>

Atoms.UnitVectors.Unit  Ang
<Atoms.UnitVectors
    12.558985384175     0.000000000000     0.000000000000
     0.000002090544    12.571021244849     0.000000000000
     0.000000000000     0.000000000000    63.645507160000
Atoms.UnitVectors>

Species.Number       2
<Definition.of.Atomic.Species
Co  Co6.0S-s2p3d2f1   Co_PBE19S
Sn  Sn7.0-s2p2d3f1    Sn_PBE19
Definition.of.Atomic.Species>
