System.CurrentDirectory  ./
System.Name              test
level.of.stdout          1
level.of.fileout         1
DATA.PATH                ../../DFT_DATA19

scf.XcType                GGA-PBE
scf.SpinPolarization      On
scf.ElectronicTemperature 300.0
scf.energycutoff          200.0
scf.maxIter               100
scf.EigenvalueSolver      band
scf.Kgrid                 4 4 1
scf.ProExpn.VNA           On
scf.Mixing.Type           rmm-diisk
scf.Init.Mixing.Weight    0.01
scf.Min.Mixing.Weight     0.001
scf.Max.Mixing.Weight     0.200
scf.Mixing.History        15
scf.Mixing.StartPulay     5
scf.criterion             1.0e-7
scf.lapack.dste           dstevx
scf.Hubbard.U             Off
scf.Hubbard.Occupation    dual

MD.Type                     OptC5        # Nomd|Opt|DIIS|NVE|NVT_VS|NVT_NH
MD.Opt.DIIS.History          7         # default=7
MD.Opt.StartDIIS             5         # default=5
MD.maxIter                  3000        # default=1
MD.TimeStep                1.0         # default=0.5 (fs)
MD.Opt.criterion          1.0e-3       # Tatsumi 2026 Acta Mater Eq.4 convention

Atoms.Number             84
Atoms.SpeciesAndCoordinates.Unit Ang
<Atoms.SpeciesAndCoordinates
    1   Sn        5.3221684768       7.0987717450      44.0955135743    7.0    7.0
    2   Sn        8.0369071112       5.4278061771      44.0955124874    7.0    7.0
    3   Sn       10.7516492388       3.7568415819      44.0955135199    7.0    7.0
    4   Sn        2.2299069089       2.0858723866      44.0955130636    7.0    7.0
    5   Sn        4.9446461563       0.4149084692      44.0955139308    7.0    7.0
    6   Sn       11.1291688409      10.4406987635      44.0955119945    7.0    7.0
    7   Sn        2.6074267085       8.7697351736      44.0955139030    7.0    7.0
    8   Sn        3.0871676571       5.0157309685      44.0955116534    7.0    7.0
    9   Sn        5.8019089059       3.3447651834      44.0955131696    7.0    7.0
   10   Sn        8.5166492302       1.6737995303      44.0955133257    7.0    7.0
   11   Sn       11.2313888084       0.0028341806      44.0955128323    7.0    7.0
   12   Sn        6.1794285564      10.0286256650      44.0955127440    7.0    7.0
   13   Sn        8.8941690493       8.3576605337      44.0955138824    7.0    7.0
   14   Sn       11.6089074092       6.6866954983      44.0955141999    7.0    7.0
   15   Sn        8.3035633889       8.7214016398      47.0444847620    7.0    7.0
   16   Sn       11.0183016185       7.0504347640      47.0444843152    7.0    7.0
   17   Sn        2.4965605975       5.3794704958      47.0444856622    7.0    7.0
   18   Sn        5.2113043034       3.7085033245      47.0444842380    7.0    7.0
   19   Sn        7.9260422252       2.0375388192      47.0444860895    7.0    7.0
   20   Sn       10.6407823620       0.3665756191      47.0444850219    7.0    7.0
   21   Sn        5.5888197125      10.3923657583      47.0444840628    7.0    7.0
   22   Sn        5.9127739615       6.7350302618      47.0444823561    7.0    7.0
   23   Sn        8.6275179368       5.0640633363      47.0444831461    7.0    7.0
   24   Sn       11.3422524167       3.3930964175      47.0444837951    7.0    7.0
   25   Sn        2.8205123729       1.7221333458      47.0444836186    7.0    7.0
   26   Sn        5.5352550911       0.0511670599      47.0444835433    7.0    7.0
   27   Sn       11.7197764211      10.0769599764      47.0444824158    7.0    7.0
   28   Sn        3.1980322304       8.4059988494      47.0444830272    7.0    7.0
   29   Sn        5.3433171468       7.0860730145      38.1250857171    7.0    7.0
   30   Sn        8.0580613813       5.4151079892      38.1250857264    7.0    7.0
   31   Sn       10.7728004303       3.7441437817      38.1250861787    7.0    7.0
   32   Sn        2.2510620912       2.0731783902      38.1250848623    7.0    7.0
   33   Sn        4.9657990842       0.4022110001      38.1250849546    7.0    7.0
   34   Sn       11.1503170595      10.4280039478      38.1250877753    7.0    7.0
   35   Sn        2.6285788311       8.7570362947      38.1250866675    7.0    7.0
   36   Sn        3.0660147757       5.0284273993      38.1250881861    7.0    7.0
   37   Sn        5.7807563122       3.3574596740      38.1250862704    7.0    7.0
   38   Sn        8.4954954430       1.6864959396      38.1250893778    7.0    7.0
   39   Sn       11.2102353317       0.0155301906      38.1250871512    7.0    7.0
   40   Sn        6.1582763020      10.0413250007      38.1250869940    7.0    7.0
   41   Sn        8.8730196569       8.3703581285      38.1250876861    7.0    7.0
   42   Sn       11.5877569878       6.6993923784      38.1250880777    7.0    7.0
   43   Sn        8.2468191539       8.7570367647      41.1119202460    7.0    7.0
   44   Sn       10.9615617702       7.0860742707      41.1119215110    7.0    7.0
   45   Sn        2.4398157501       5.4151079625      41.1119176959    7.0    7.0
   46   Sn        5.1545604880       3.7441431048      41.1119198549    7.0    7.0
   47   Sn        7.8693012037       2.0731778093      41.1119183751    7.0    7.0
   48   Sn       10.5840376490       0.4022120966      41.1119195454    7.0    7.0
   49   Sn        5.5320803404      10.4280037444      41.1119176004    7.0    7.0
   50   Sn        5.9695159028       6.6993923652      41.1119216479    7.0    7.0
   51   Sn        8.6842581697       5.0284236537      41.1119198267    7.0    7.0
   52   Sn       11.3989977272       3.3574628076      41.1119199278    7.0    7.0
   53   Sn        2.8772550201       1.6864970349      41.1119204786    7.0    7.0
   54   Sn        5.5919976868       0.0155319296      41.1119200598    7.0    7.0
   55   Sn       11.7765181029      10.0413225608      41.1119217780    7.0    7.0
   56   Sn        3.2547738586       8.3703572837      41.1119223076    7.0    7.0
   57   Sn        5.4000629035       7.0504352579      32.1925242302    7.0    7.0
   58   Sn        8.1148001495       5.3794706487      32.1925246457    7.0    7.0
   59   Sn       10.8295429657       3.7085032785      32.1925228906    7.0    7.0
   60   Sn        2.3078021229       2.0375390057      32.1925262401    7.0    7.0
   61   Sn        5.0225404542       0.3665752987      32.1925245303    7.0    7.0
   62   Sn       11.2070629837      10.3923665673      32.1925229906    7.0    7.0
   63   Sn        2.6853225801       8.7214015562      32.1925240417    7.0    7.0
   64   Sn        3.0092714780       5.0640633987      32.1925229108    7.0    7.0
   65   Sn        5.7240134117       3.3930988683      32.1925232322    7.0    7.0
   66   Sn        8.4387539508       1.7221356509      32.1925235687    7.0    7.0
   67   Sn       11.1534966959       0.0511686556      32.1925243429    7.0    7.0
   68   Sn        6.1015327832      10.0769627656      32.1925227020    7.0    7.0
   69   Sn        8.8162717031       8.4059964403      32.1925226600    7.0    7.0
   70   Sn       11.5310151192       6.7350279003      32.1925236218    7.0    7.0
   71   Sn        8.2256671170       8.7697365304      35.1414948960    7.0    7.0
   72   Sn       10.9404073501       7.0987701479      35.1414943458    7.0    7.0
   73   Sn        2.4186677076       5.4278047956      35.1414939513    7.0    7.0
   74   Sn        5.1334084823       3.7568390489      35.1414943819    7.0    7.0
   75   Sn        7.8481471437       2.0858731613      35.1414952554    7.0    7.0
   76   Sn       10.5628874265       0.4149078181      35.1414943523    7.0    7.0
   77   Sn        5.5109279497      10.4407000888      35.1414946425    7.0    7.0
   78   Sn        5.9906662546       6.6866963724      35.1414942477    7.0    7.0
   79   Sn        8.7054096185       5.0157304404      35.1414935088    7.0    7.0
   80   Sn       11.4201485114       3.3447640110      35.1414943690    7.0    7.0
   81   Sn        2.8984058958       1.6737992948      35.1414940233    7.0    7.0
   82   Sn        5.6131468109       0.0028344921      35.1414935555    7.0    7.0
   83   Sn       11.7976701909      10.0286260358      35.1414940889    7.0    7.0
   84   Sn        3.2759285493       8.3576609284      35.1414946303    7.0    7.0
Atoms.SpeciesAndCoordinates>

Atoms.UnitVectors.Unit  Ang
<Atoms.UnitVectors
    11.236481391972     0.000000000000     0.000000000000
     3.469779849349    11.696758815689     0.000000000000
     0.000000000000     0.000000000000    61.241526530000
Atoms.UnitVectors>

Species.Number       2
<Definition.of.Atomic.Species
Co  Co6.0S-s2p3d2f1   Co_PBE19S
Sn  Sn7.0-s2p2d3f1    Sn_PBE19
Definition.of.Atomic.Species>
