System.CurrentDirectory  ./
System.Name              test
level.of.stdout          1
level.of.fileout         1
DATA.PATH                ../../DFT_DATA19

scf.XcType                GGA-PBE
scf.SpinPolarization      On
scf.ElectronicTemperature 300.0
scf.energycutoff          200.0
scf.maxIter               100
scf.EigenvalueSolver      band
scf.Kgrid                 4 4 1
scf.ProExpn.VNA           On
scf.Mixing.Type           rmm-diisk
scf.Init.Mixing.Weight    0.01
scf.Min.Mixing.Weight     0.001
scf.Max.Mixing.Weight     0.200
scf.Mixing.History        15
scf.Mixing.StartPulay     5
scf.criterion             1.0e-7
scf.lapack.dste           dstevx
scf.Hubbard.U             Off
scf.Hubbard.Occupation    dual

MD.Type                     OptC5        # Nomd|Opt|DIIS|NVE|NVT_VS|NVT_NH
MD.Opt.DIIS.History          7         # default=7
MD.Opt.StartDIIS             5         # default=5
MD.maxIter                  3000        # default=1
MD.TimeStep                1.0         # default=0.5 (fs)
MD.Opt.criterion          1.0e-3       # Tatsumi 2026 Acta Mater Eq.4 convention

Atoms.Number             96
Atoms.SpeciesAndCoordinates.Unit Ang
<Atoms.SpeciesAndCoordinates
    1   Co        2.7856935440       2.4505726876      17.1835130802    8.5    6.5
    2   Co       12.1058602825       7.8219800814      19.6357765167    8.5    6.5
    3   Co       11.2808932291       5.6477602752      16.1157622653    8.5    6.5
    4   Co        9.5100783050      11.1066656868      18.3777020631    8.5    6.5
    5   Co        6.7032168274       7.7858042159      16.0795923219    8.5    6.5
    6   Co        0.6505039353       1.1888269922      18.2894203728    8.5    6.5
    7   Co        9.1592552780       4.4517116870      17.0519354477    8.5    6.5
    8   Co        7.4007074687       9.8799513544      19.5673226931    8.5    6.5
    9   Co        6.2369811934       1.2322753223      22.1290026033    8.5    6.5
   10   Co        4.5462014905       6.6295639733      24.6752809863    8.5    6.5
   11   Co        3.6743718820       4.5418693391      20.8944496301    8.5    6.5
   12   Co       12.9676480449       9.9191412543      23.4083642769    8.5    6.5
   13   Co        9.9475398034       6.5738834578      20.8201999207    8.5    6.5
   14   Co        8.2567622489      11.9711721633      23.3664798468    8.5    6.5
   15   Co        1.5260933581       3.2843066087      22.0871149444    8.5    6.5
   16   Co       10.8193685955       8.6615778114      24.6010300139    8.5    6.5
   17   Co        9.6801574777       0.0383658051      27.2060594421    8.5    6.5
   18   Co        7.7905244456       5.4176433077      29.4158877614    8.5    6.5
   19   Co        7.0930361277       3.3234972056      25.9281588008    8.5    6.5
   20   Co        5.3344861647       8.7517385849      28.4435465876    8.5    6.5
   21   Co        2.3878813705       5.3814676408      25.8597042007    8.5    6.5
   22   Co       11.7080476426      10.7528753600      28.3119655377    8.5    6.5
   23   Co        4.9836621429       2.0967822044      27.1177816569    8.5    6.5
   24   Co        3.2128462666       7.5556888338      29.3797190389    8.5    6.5
   25   Sn        3.1299951802       0.4772671499      18.9044395841    7.0    7.0
   26   Sn        9.1370150805       6.9868167110      16.0733990010    7.0    7.0
   27   Sn        9.6039268405       8.4739569980      18.8425713713    7.0    7.0
   28   Sn       11.2834035954       3.0525900134      16.3160309892    7.0    7.0
   29   Sn       11.0380096428       5.6149164949      18.5963624105    7.0    7.0
   30   Sn        1.7485061045       0.4424693474      15.7957751864    7.0    7.0
   31   Sn        1.7467950596       3.3950698570      19.3840641267    7.0    7.0
   32   Sn        7.7009949663      10.0121354354      16.7442654190    7.0    7.0
   33   Sn        5.0273829515       1.2876817948      16.5021093218    7.0    7.0
   34   Sn        3.3946926114       6.6058310820      19.0674705902    7.0    7.0
   35   Sn        2.7582508262       4.8664086519      16.1325893744    7.0    7.0
   36   Sn       12.0936944426      10.3680569787      18.7413112898    7.0    7.0
   37   Sn        6.5962570734       1.2544483557      19.3812619349    7.0    7.0
   38   Sn       12.4974900437       7.8301024206      16.7800361227    7.0    7.0
   39   Sn        4.7194073607       3.8442093445      18.4341454135    7.0    7.0
   40   Sn       10.6948882075      10.6442007665      15.9707648656    7.0    7.0
   41   Sn        4.3671808097       8.8193146622      16.1103522960    7.0    7.0
   42   Sn        9.3194130671       2.3498220093      18.7067248789    7.0    7.0
   43   Sn        6.5969038916       5.2398867691      16.3954327947    7.0    7.0
   44   Sn        4.8226933233      10.5641300358      18.9241414252    7.0    7.0
   45   Sn        6.1519993434       7.7448091095      18.5450679002    7.0    7.0
   46   Sn        7.9343806880       2.4569256136      15.8675116734    7.0    7.0
   47   Sn        8.0463117202       5.2521169913      19.3367745026    7.0    7.0
   48   Sn       13.9987679971      11.7786672460      16.6752141805    7.0    7.0
   49   Sn       10.7558442407      11.2948559421      24.0291375456    7.0    7.0
   50   Sn       12.4700191853       5.9052453894      21.4826877037    7.0    7.0
   51   Sn       13.0288605026       7.2982024252      24.0127931217    7.0    7.0
   52   Sn        3.7378944100       1.9085956252      21.4663411544    7.0    7.0
   53   Sn        3.4512433664       4.4116510799      23.6021832598    7.0    7.0
   54   Sn        9.3226223789      10.9913327374      21.0575986013    7.0    7.0
   55   Sn        5.1711167157       2.2121157302      24.4378778805    7.0    7.0
   56   Sn       11.0424991990       8.7917969870      21.8933004057    7.0    7.0
   57   Sn       12.7176932391      11.9621536280      21.6538397212    7.0    7.0
   58   Sn        6.8425833487       5.3659579841      24.1918435531    7.0    7.0
   59   Sn        6.2291239647       3.8014110764      21.3177391793    7.0    7.0
   60   Sn        4.5244280247       9.2200190494      23.8803955075    7.0    7.0
   61   Sn       10.0652863520       0.0941964171      24.5227193264    7.0    7.0
   62   Sn        4.9338990624       6.6668443028      21.9725913009    7.0    7.0
   63   Sn        8.1603195537       2.5286481285      23.5754008546    7.0    7.0
   64   Sn       14.0360441191       9.1475582091      21.0133456502    7.0    7.0
   65   Sn        7.6511575590       7.8374911817      21.3036367474    7.0    7.0
   66   Sn        1.7760461674       1.2412954323      23.8416417029    7.0    7.0
   67   Sn        9.9693126660       3.9834288798      21.6150856560    7.0    7.0
   68   Sn        8.2646163835       9.4020373368      24.1777417840    7.0    7.0
   69   Sn        9.5598416753       6.5366036645      23.5228892052    7.0    7.0
   70   Sn       11.2705157733       1.1329984419      20.9727610346    7.0    7.0
   71   Sn       11.4628364264       4.0558902552      24.4821358747    7.0    7.0
   72   Sn        6.3334208141      10.6748002997      21.9200801385    7.0    7.0
   73   Sn       14.2154773521      10.1508573080      29.1794486245    7.0    7.0
   74   Sn        4.8898131436       4.7294928959      26.6529086425    7.0    7.0
   75   Sn        5.3567274117       6.2166303650      29.4220822239    7.0    7.0
   76   Sn        7.2006675856       0.7499266597      26.5910426990    7.0    7.0
   77   Sn        6.7927460272       3.1913131681      28.7512154300    7.0    7.0
   78   Sn       12.7469478661       9.8083786914      26.1114215550    7.0    7.0
   79   Sn        8.5821559939       0.7847258078      29.6997057597    7.0    7.0
   80   Sn        3.4557295303       7.5885330439      26.8991171472    7.0    7.0
   81   Sn        5.1743276191      10.8536264886      26.7887559109    7.0    7.0
   82   Sn       10.1265594060       4.3841338625      29.3851283247    7.0    7.0
   83   Sn        9.6710467153       2.6393189472      26.5713387486    7.0    7.0
   84   Sn        7.8968369172       7.9635626614      29.1000484601    7.0    7.0
   85   Sn        6.5593600613      10.7465217865      29.6279685155    7.0    7.0
   86   Sn        8.3417421087       5.4586391487      26.9504134998    7.0    7.0
   87   Sn       11.5001122554       1.4247810930      28.8202663337    7.0    7.0
   88   Sn        6.4474303183       7.9513319180      26.1587052962    7.0    7.0
   89   Sn       11.0990485136       6.5976171308      26.4280101467    7.0    7.0
   90   Sn        9.4663582957      11.9157660744      28.9933706436    7.0    7.0
   91   Sn        2.4000466306       2.8353913522      26.7541698959    7.0    7.0
   92   Sn       11.7354905124       8.3370392530      29.3628917112    7.0    7.0
   93   Sn        1.9962511522       5.3733454938      28.7154453280    7.0    7.0
   94   Sn        7.8974833117      11.9489998639      26.1142191971    7.0    7.0
   95   Sn        3.7988532198       2.5592474574      29.5247147709    7.0    7.0
   96   Sn        9.7743332924       9.3592387591      27.0613355931    7.0    7.0
Atoms.SpeciesAndCoordinates>

Atoms.UnitVectors.Unit  Ang
<Atoms.UnitVectors
    11.005139391754     0.000000000000     0.000000000000
     4.163078217339    11.976253764805     0.000000000000
     0.000000000000     0.000000000000    61.241526530000
Atoms.UnitVectors>

Species.Number       2
<Definition.of.Atomic.Species
Co  Co6.0S-s2p3d2f1   Co_PBE19S
Sn  Sn7.0-s2p2d3f1    Sn_PBE19
Definition.of.Atomic.Species>
