System.CurrentDirectory  ./
System.Name              test
level.of.stdout          1
level.of.fileout         1
DATA.PATH                ../../DFT_DATA19

scf.XcType                GGA-PBE
scf.SpinPolarization      On
scf.ElectronicTemperature 300.0
scf.energycutoff          200.0
scf.maxIter               100
scf.EigenvalueSolver      band
scf.Kgrid                 4 4 1
scf.ProExpn.VNA           On
scf.Mixing.Type           rmm-diisk
scf.Init.Mixing.Weight    0.01
scf.Min.Mixing.Weight     0.001
scf.Max.Mixing.Weight     0.200
scf.Mixing.History        15
scf.Mixing.StartPulay     5
scf.criterion             1.0e-7
scf.lapack.dste           dstevx
scf.Hubbard.U             Off
scf.Hubbard.Occupation    dual

MD.Type                     OptC5        # Nomd|Opt|DIIS|NVE|NVT_VS|NVT_NH
MD.Opt.DIIS.History          7         # default=7
MD.Opt.StartDIIS             5         # default=5
MD.maxIter                  3000        # default=1
MD.TimeStep                1.0         # default=0.5 (fs)
MD.Opt.criterion          1.0e-3       # Tatsumi 2026 Acta Mater Eq.4 convention

Atoms.Number             180
Atoms.SpeciesAndCoordinates.Unit Ang
<Atoms.SpeciesAndCoordinates
    1   Co        2.7917535474       2.3323110351      17.4399873011    8.5    6.5
    2   Co       12.2446294855       7.7431034244      19.8673169207    8.5    6.5
    3   Co       11.4013778382       5.5157821374      16.3922273978    8.5    6.5
    4   Co        9.4966731389      11.0235002424      18.6254928442    8.5    6.5
    5   Co        6.7575308043       7.6416146848      16.3892473623    8.5    6.5
    6   Co        0.6819820906       1.0499871368      18.5637373862    8.5    6.5
    7   Co        9.3199610931       4.3176939605      17.3562865312    8.5    6.5
    8   Co        7.4071737111       9.7991295562      19.8161527513    8.5    6.5
    9   Co        6.3836314961       1.1321299650      22.3240470234    8.5    6.5
   10   Co        4.5228650673       6.5634150828      24.8715475934    8.5    6.5
   11   Co        3.6853191624       4.4488148307      21.1002656050    8.5    6.5
   12   Co       13.0986090453       9.8604673492      23.6173422138    8.5    6.5
   13   Co       10.0982632361       6.4832517600      21.0605659060    8.5    6.5
   14   Co        8.2654282667      11.9124567315      23.5619116450    8.5    6.5
   15   Co        1.5476986943       3.1959930586      22.3117856535    8.5    6.5
   16   Co       10.9604061105       8.6122540554      24.8338932911    8.5    6.5
   17   Co       13.9825297304      11.9851971348      27.3422412192    8.5    6.5
   18   Co        7.8087396893       5.3182982297      29.7657517419    8.5    6.5
   19   Co        7.2316702854       3.2388119825      26.0558102016    8.5    6.5
   20   Co        5.4026498696       8.7024392560      28.6238174105    8.5    6.5
   21   Co        2.3770533160       5.3205536638      26.0876204008    8.5    6.5
   22   Co       11.8633559671      10.7493822598      28.6246800285    8.5    6.5
   23   Co        5.1071270826       2.0107200135      27.3406410578    8.5    6.5
   24   Co        3.3062066014       7.4596583117      29.9338474871    8.5    6.5
   25   Sn        3.2167778510       0.3497814468      19.1543664648    7.0    7.0
   26   Sn        9.2326520241       6.8703152249      16.3845832373    7.0    7.0
   27   Sn        9.6721555940       8.3785793956      19.0832839864    7.0    7.0
   28   Sn       11.4788829380       2.9040145818      16.6117559857    7.0    7.0
   29   Sn       11.2198100960       5.4948235077      18.8743047245    7.0    7.0
   30   Sn        1.7627666090       0.2740126646      16.1109510435    7.0    7.0
   31   Sn        1.7343720299       3.2894272552      19.6290408142    7.0    7.0
   32   Sn        7.6616558782       9.9162003350      17.0252778917    7.0    7.0
   33   Sn        5.0544103652       1.1623981699      16.7313430101    7.0    7.0
   34   Sn        3.3293863169       6.5488679272      19.2741458397    7.0    7.0
   35   Sn        2.6289119646       4.7741513005      16.4296427982    7.0    7.0
   36   Sn       12.1360393308      10.3008555623      18.9883407030    7.0    7.0
   37   Sn        6.7279897992       1.1634399053      19.5602084422    7.0    7.0
   38   Sn       12.5997413488       7.7451674934      17.0350876823    7.0    7.0
   39   Sn        4.7203168936       3.7501696454      18.6531248410    7.0    7.0
   40   Sn       10.6767994521      10.5969566954      16.2486418288    7.0    7.0
   41   Sn        4.3589507094       8.6033916243      16.4542403373    7.0    7.0
   42   Sn        9.5807124109       2.2140463754      19.0478463347    7.0    7.0
   43   Sn        6.7422303841       5.0982137193      16.7521075325    7.0    7.0
   44   Sn        4.7857226804      10.4564739172      19.1887759660    7.0    7.0
   45   Sn        6.1910629478       7.6166492948      18.8544599225    7.0    7.0
   46   Sn        8.0445767083       2.2768530652      16.3279117819    7.0    7.0
   47   Sn        8.2043205497       5.1396810744      19.6300560535    7.0    7.0
   48   Sn       14.1208616738      11.6892105815      17.0038871104    7.0    7.0
   49   Sn       10.8198511173      11.2341348844      24.1984704795    7.0    7.0
   50   Sn       12.6998654660       5.8375306531      21.7104222406    7.0    7.0
   51   Sn       13.2323393969       7.2393558693      24.2431842605    7.0    7.0
   52   Sn        3.8118961389       1.7973972218      21.6878557790    7.0    7.0
   53   Sn        3.4871024488       4.3234208283      23.7947607995    7.0    7.0
   54   Sn        9.3562688742      10.9133752709      21.2829084052    7.0    7.0
   55   Sn        5.2839512786       2.1176803905      24.6139674187    7.0    7.0
   56   Sn       11.1540016585       8.7248065969      22.1152676571    7.0    7.0
   57   Sn       12.7789720615      11.9243529328      21.8333796338    7.0    7.0
   58   Sn        6.9142352249       5.3233092017      24.3356997813    7.0    7.0
   59   Sn        6.2631049174       3.7124288781      21.4965686810    7.0    7.0
   60   Sn        4.4295253907       9.1618077568      24.0603197806    7.0    7.0
   61   Sn       10.3075661580       0.0172513034      24.6595869672    7.0    7.0
   62   Sn        4.9268827189       6.6054669920      22.1660358128    7.0    7.0
   63   Sn        8.2966774371       2.4546590713      23.7166784118    7.0    7.0
   64   Sn       14.1659386371       9.0880172814      21.2268696230    7.0    7.0
   65   Sn        7.7427906733       7.7440112499      21.5603899455    7.0    7.0
   66   Sn        1.8502932805       1.1235822521      24.0545842088    7.0    7.0
   67   Sn       10.2306551294       3.8718795584      21.8567238046    7.0    7.0
   68   Sn        8.3577694722       9.3092289196      24.3956385561    7.0    7.0
   69   Sn        9.7233411700       6.4433460617      23.7452096081    7.0    7.0
   70   Sn       11.5869855810       0.9818855078      21.2360689643    7.0    7.0
   71   Sn       11.7400718452       4.0094978311      24.6749262730    7.0    7.0
   72   Sn        6.3447059746      10.5866904838      22.1664460054    7.0    7.0
   73   Sn       14.4511895132      10.0793204673      29.2785158101    7.0    7.0
   74   Sn        4.9418834621       4.6279624135      26.7101357530    7.0    7.0
   75   Sn        5.4255242270       6.0884966772      29.2402340240    7.0    7.0
   76   Sn        7.3966854660       0.6119241595      26.7138064054    7.0    7.0
   77   Sn        7.0747608287       3.1038045580      28.7281736264    7.0    7.0
   78   Sn       12.9110864728       9.7485121802      26.3306559936    7.0    7.0
   79   Sn        8.9423028488       0.9648839683      29.5698014205    7.0    7.0
   80   Sn        3.4202968822       7.5471993278      27.1870312477    7.0    7.0
   81   Sn        5.0691152339      10.7771735330      26.8237276775    7.0    7.0
   82   Sn       10.2676194623       4.3896152232      29.5029669226    7.0    7.0
   83   Sn        9.8517281805       2.5809289998      26.6055143999    7.0    7.0
   84   Sn        8.0402073939       7.9168712839      29.2201407676    7.0    7.0
   85   Sn        6.6513500665      10.8293646831      29.5013844903    7.0    7.0
   86   Sn        8.4081512303       5.4424263057      27.1379440135    7.0    7.0
   87   Sn        0.6476755810       1.3208911835      28.8283069178    7.0    7.0
   88   Sn        6.4341442575       7.8807884729      26.2921965556    7.0    7.0
   89   Sn       11.2397344795       6.5437573493      26.6047785062    7.0    7.0
   90   Sn        9.4868201993      11.9687329308      29.1212325811    7.0    7.0
   91   Sn        2.4846381379       2.7106302916      26.8146830609    7.0    7.0
   92   Sn       11.9097275181       8.1339141684      29.4777800082    7.0    7.0
   93   Sn        1.9497278319       5.2567011719      28.8030709928    7.0    7.0
   94   Sn        7.8932975042      11.8692460664      26.2698515972    7.0    7.0
   95   Sn        3.9796259187       2.7714365055      29.6629556202    7.0    7.0
   96   Sn        9.9193499420       9.3923111044      27.2404969981    7.0    7.0
   97   Sn        5.4360922226       7.5176130782      43.7020848105    7.0    7.0
   98   Sn        8.0785336318       5.8013599301      43.7361722011    7.0    7.0
   99   Sn       10.7314659587       4.0810906448      43.7391731402    7.0    7.0
  100   Sn        2.1045875625       2.3674034532      43.7701853863    7.0    7.0
  101   Sn        4.7524790631       0.6400442144      43.7605371595    7.0    7.0
  102   Sn       11.4089927118      10.9570851668      43.7369262950    7.0    7.0
  103   Sn       14.0671153008       9.2325301407      43.7095700748    7.0    7.0
  104   Sn        3.4676447736       5.1414263191      43.8471059030    7.0    7.0
  105   Sn        6.1300936524       3.4059671537      43.8749589039    7.0    7.0
  106   Sn        8.7644352935       1.6969293265      43.8950085522    7.0    7.0
  107   Sn        4.1717343269      11.9996492913      43.9479828176    7.0    7.0
  108   Sn        6.7996111708      10.2860206687      43.9368317286    7.0    7.0
  109   Sn        9.4620313262       8.5628303390      43.9177106997    7.0    7.0
  110   Sn       12.1059846984       6.8467158262      43.8586275148    7.0    7.0
  111   Sn        8.2282027591       9.3529578187      46.6950980044    7.0    7.0
  112   Sn       10.8857243581       7.6292142863      46.6672748665    7.0    7.0
  113   Sn        2.2533960999       5.9208289601      46.6429776667    7.0    7.0
  114   Sn        4.8908919992       4.2033681245      46.6286644736    7.0    7.0
  115   Sn        7.5441098919       2.4815412621      46.6805257396    7.0    7.0
  116   Sn       10.1819019374       0.7626476160      46.6960970551    7.0    7.0
  117   Sn        5.5822019904      11.0664954286      46.7391201983    7.0    7.0
  118   Sn        6.7035343803       6.6836591636      46.4845569361    7.0    7.0
  119   Sn        9.3527783200       4.9647335157      46.4936497621    7.0    7.0
  120   Sn       11.9936092043       3.2509100645      46.5184485444    7.0    7.0
  121   Sn        3.3757794137       1.5265548154      46.5201958681    7.0    7.0
  122   Sn       10.0390088348      11.8395441138      46.5110521676    7.0    7.0
  123   Sn       12.6901503569      10.1165827740      46.4767324120    7.0    7.0
  124   Sn        4.0644819530       8.3980547623      46.4720679842    7.0    7.0
  125   Sn        5.4222582600       7.5340405130      37.8264742068    7.0    7.0
  126   Sn        8.0147675420       5.8507308959      37.8925016722    7.0    7.0
  127   Sn       10.6586538523       4.1350483013      37.9753196655    7.0    7.0
  128   Sn        2.1062442362       2.3718208117      37.9559292070    7.0    7.0
  129   Sn        4.7163947477       0.6871687696      37.9313333666    7.0    7.0
  130   Sn       11.3814913704      10.9790266891      37.9667998597    7.0    7.0
  131   Sn       14.0153965961       9.2809390048      37.8507549943    7.0    7.0
  132   Sn        3.5172634488       5.1107545239      37.8103095703    7.0    7.0
  133   Sn        6.0996543390       3.4447729993      38.0504754330    7.0    7.0
  134   Sn        8.8617289586       1.6395953720      38.0584147043    7.0    7.0
  135   Sn        4.1826674996      12.0005845926      38.0929484542    7.0    7.0
  136   Sn        6.8916679757      10.2500742996      38.0799038549    7.0    7.0
  137   Sn        9.4923948127       8.5449661800      38.0713429537    7.0    7.0
  138   Sn       12.1736017168       6.8132908906      37.9844520540    7.0    7.0
  139   Sn        8.4236334354       9.2403663954      40.9748141718    7.0    7.0
  140   Sn       11.0745953227       7.5111418250      40.8703212786    7.0    7.0
  141   Sn        2.4646800245       5.7851280106      40.8017518050    7.0    7.0
  142   Sn        5.0769776331       4.1011250822      40.9348640799    7.0    7.0
  143   Sn        7.7258904852       2.3726830742      40.8533663428    7.0    7.0
  144   Sn       10.3772072439       0.6468269541      41.0055419511    7.0    7.0
  145   Sn        5.7564092226      10.9689978968      40.8945147366    7.0    7.0
  146   Sn        6.5058543036       6.8327448701      40.7595782640    7.0    7.0
  147   Sn        9.1371687433       5.1131887378      40.8133501923    7.0    7.0
  148   Sn       11.8032426129       3.3780355725      40.7918177583    7.0    7.0
  149   Sn        3.1804386524       1.6722219864      40.8664594181    7.0    7.0
  150   Sn        9.8264418733      11.9828362914      40.8101613700    7.0    7.0
  151   Sn       12.4934632638      10.2554286122      40.8179254998    7.0    7.0
  152   Sn        3.8682756638       8.5298118096      40.7376338918    7.0    7.0
  153   Sn        5.4834807743       8.3718371347      31.3872519089    7.0    7.0
  154   Sn        8.3094094850       6.2149804701      32.1077148251    7.0    7.0
  155   Sn       10.6725369521       3.7913497405      32.4340745286    7.0    7.0
  156   Sn        2.0258375983       2.2438959650      31.9932401305    7.0    7.0
  157   Sn        5.2687438007       0.9441463009      32.1713485257    7.0    7.0
  158   Sn       11.5812474736      10.7702463419      31.3709160392    7.0    7.0
  159   Sn       13.8337770125       8.8124555005      32.2555075171    7.0    7.0
  160   Sn        3.2524575400       5.4591362112      31.7674312923    7.0    7.0
  161   Sn        6.1550745150       4.0143479633      31.6862020417    7.0    7.0
  162   Sn        8.4396643826       1.7158470439      32.5233936062    7.0    7.0
  163   Sn       15.0945420768      11.8587081407      31.8756947808    7.0    7.0
  164   Sn        6.8004977591      11.1286124656      32.5440674744    7.0    7.0
  165   Sn        9.1328699465       9.1302357844      32.0341766802    7.0    7.0
  166   Sn       11.4773698575       6.7839075218      32.2718060700    7.0    7.0
  167   Sn        8.4383374788       9.3063491502      35.0861881194    7.0    7.0
  168   Sn       11.0197479292       7.5751505748      35.2078744629    7.0    7.0
  169   Sn        2.4010666454       5.7990118967      34.9075102825    7.0    7.0
  170   Sn        5.0981440215       4.1960625835      34.8211426500    7.0    7.0
  171   Sn        7.6160837786       2.4785274546      35.4134902054    7.0    7.0
  172   Sn       10.3293174393       0.6191457239      34.9143792890    7.0    7.0
  173   Sn        5.6542289917      10.9870315840      35.3418301525    7.0    7.0
  174   Sn        6.5130337944       6.9258524989      34.6701385941    7.0    7.0
  175   Sn        9.1347545647       5.1375130144      35.0301935882    7.0    7.0
  176   Sn       11.8360536334       3.3164618448      35.2141201649    7.0    7.0
  177   Sn        3.2204371926       1.7292354276      34.8775075656    7.0    7.0
  178   Sn        9.8662940636      12.0215715347      35.1301929228    7.0    7.0
  179   Sn       12.4168979577      10.2807221684      35.0691657153    7.0    7.0
  180   Sn        3.8813884737       8.5082102491      35.0354811508    7.0    7.0
Atoms.SpeciesAndCoordinates>

Atoms.UnitVectors.Unit  Ang
<Atoms.UnitVectors
    11.269755202420     0.000000000000     0.000000000000
     4.013001173009    12.032094040711     0.000000000000
     0.000000000000     0.000000000000    61.241526530000
Atoms.UnitVectors>

Species.Number       2
<Definition.of.Atomic.Species
Co  Co6.0S-s2p3d2f1   Co_PBE19S
Sn  Sn7.0-s2p2d3f1    Sn_PBE19
Definition.of.Atomic.Species>
