System.CurrentDirectory  ./
System.Name              test
level.of.stdout          1
level.of.fileout         1
DATA.PATH                ../../DFT_DATA19

scf.XcType                GGA-PBE
scf.SpinPolarization      On
scf.ElectronicTemperature 300.0
scf.energycutoff          200.0
scf.maxIter               100
scf.EigenvalueSolver      band
scf.Kgrid                 8 2 1
scf.ProExpn.VNA           On
scf.Mixing.Type           rmm-diisk
scf.Init.Mixing.Weight    0.01
scf.Min.Mixing.Weight     0.001
scf.Max.Mixing.Weight     0.200
scf.Mixing.History        15
scf.Mixing.StartPulay     5
scf.criterion             1.0e-7
scf.lapack.dste           dstevx
scf.Hubbard.U             Off
scf.Hubbard.Occupation    dual

MD.Type                     OptC5        # Nomd|Opt|DIIS|NVE|NVT_VS|NVT_NH
MD.Opt.DIIS.History          7         # default=7
MD.Opt.StartDIIS             5         # default=5
MD.maxIter                  3000        # default=1
MD.TimeStep                1.0         # default=0.5 (fs)
MD.Opt.criterion          1.0e-3       # Tatsumi 2026 Acta Mater Eq.4 convention

Atoms.Number             160
Atoms.SpeciesAndCoordinates.Unit Ang
<Atoms.SpeciesAndCoordinates
    1   Co        3.1181702157       9.6059149615      22.4064092579    8.5    6.5
    2   Co        3.1183686483       5.0809629332      26.6634137251    8.5    6.5
    3   Co        3.1587540682      25.9486086071      30.7455303544    8.5    6.5
    4   Co        3.1511679976      18.6779452499      13.9051996496    8.5    6.5
    5   Co        3.1352905329      14.1430169316      18.1089127945    8.5    6.5
    6   Co        6.2319664809       7.3561601077      24.5555298148    8.5    6.5
    7   Co        6.2230244171      28.0848839810      28.6957251954    8.5    6.5
    8   Co        0.0291455788      21.0086306385      11.9034055530    8.5    6.5
    9   Co        0.0081421235      16.3900515572      15.9404947928    8.5    6.5
   10   Co        6.2356072248      11.8732284568      20.2617186141    8.5    6.5
   11   Co        3.0792416942      24.9406705723      11.8163315431    8.5    6.5
   12   Co        3.1196307239      20.5192052472      15.8984481576    8.5    6.5
   13   Co        3.1198290848      15.9942524222      20.1554527953    8.5    6.5
   14   Co        3.1027079453      11.4571522942      24.4529492221    8.5    6.5
   15   Co        3.0868301766       6.9222224278      28.6566615957    8.5    6.5
   16   Co        6.2088515058       4.5915359379      30.6584563163    8.5    6.5
   17   Co        0.0149721778      22.8043949239      13.8661363008    8.5    6.5
   18   Co        0.0060332084      18.2440065468      18.0063321460    8.5    6.5
   19   Co        0.0023907685      13.7269394132      22.3001441989    8.5    6.5
   20   Co        6.2298555081       9.2101151867      26.6213676866    8.5    6.5
   21   Co        6.2298553570       3.7454962881      15.9404950973    8.5    6.5
   22   Co        0.0023875613      24.5177837624      20.2617186628    8.5    6.5
   23   Co        0.0060342038      20.0007172532      24.5555298880    8.5    6.5
   24   Co        0.0149760535      15.4403287586      28.6957256790    8.5    6.5
   25   Co        6.2088512584       8.3640757187      11.9034068764    8.5    6.5
   26   Co        3.1027042052      26.7875724376      18.1089138416    8.5    6.5
   27   Co        3.1198275603      22.2504699790      22.4064069806    8.5    6.5
   28   Co        3.1196327337      17.7255192335      26.6634122970    8.5    6.5
   29   Co        3.0792472620      13.3040558249      30.7455305794    8.5    6.5
   30   Co        3.0868291563       6.0333901709      13.9052000234    8.5    6.5
   31   Co        6.2319655080       5.5994509131      18.0063322543    8.5    6.5
   32   Co        6.2356049122      26.3714948494      22.3001448237    8.5    6.5
   33   Co        0.0081438239      21.8546723622      26.6213670151    8.5    6.5
   34   Co        0.0291548014      17.2360926178      30.6584553212    8.5    6.5
   35   Co        6.2230234829      10.1598389762      13.8661366606    8.5    6.5
   36   Co        3.1183660800       7.8746485923      15.8984496548    8.5    6.5
   37   Co        3.1181704938       3.3496974080      20.1554530200    8.5    6.5
   38   Co        3.1352912801      24.1017079517      24.4529494162    8.5    6.5
   39   Co        3.1511689327      19.5667795155      28.6566630525    8.5    6.5
   40   Co        3.1587529931      12.2961150603      11.8163318374    8.5    6.5
   41   Sn        4.1543036934       9.0256814846      24.8626697229    7.0    7.0
   42   Sn        4.0997379727       4.5103631352      29.1326419154    7.0    7.0
   43   Sn        4.3425658042      22.6804852282      11.8824140219    7.0    7.0
   44   Sn        4.1825588837      18.0547149392      16.2578193376    7.0    7.0
   45   Sn        4.1611092318      13.5557780110      20.5619503935    7.0    7.0
   46   Sn        1.8954301254      28.2087939670      30.6794473484    7.0    7.0
   47   Sn        2.1382615558      21.0898039208      13.4292218401    7.0    7.0
   48   Sn        2.0836949509      16.5744860589      17.6991923883    7.0    7.0
   49   Sn        2.0768890933      12.0443886337      21.9999126129    7.0    7.0
   50   Sn        2.0554399427       7.5454516655      26.3040441586    7.0    7.0
   51   Sn        4.9907263987      27.6831570733      31.3115457236    7.0    7.0
   52   Sn        5.2140885866      20.3524850102      14.1812829450    7.0    7.0
   53   Sn        5.2078581804      15.8153636576      18.4057460635    7.0    7.0
   54   Sn        5.1914262680      11.2861870105      22.7075062454    7.0    7.0
   55   Sn        5.1761347894       6.7921667582      27.0073378230    7.0    7.0
   56   Sn        1.0301401182       9.7848048008      24.1561139041    7.0    7.0
   57   Sn        1.0239093098       5.2476831420      28.3805780852    7.0    7.0
   58   Sn        1.2472695257      23.2061232465      11.2503194381    7.0    7.0
   59   Sn        1.0618647485      18.8080007356      15.5545249409    7.0    7.0
   60   Sn        1.0465752495      14.3139797372      19.8543556297    7.0    7.0
   61   Sn        1.0301412160       3.1708079416      18.4057458638    7.0    7.0
   62   Sn        1.0465750009      23.9307437818      22.7075051856    7.0    7.0
   63   Sn        1.0618648851      19.4367218649      27.0073369545    7.0    7.0
   64   Sn        1.2472743776      15.0386010556      31.3115436070    7.0    7.0
   65   Sn        1.0239085263       7.7079301155      14.1812804608    7.0    7.0
   66   Sn        5.1761312028       6.1634447316      15.5545253733    7.0    7.0
   67   Sn        5.1914216250      26.9585345945      19.8543571874    7.0    7.0
   68   Sn        5.2078587158      22.4293590532      24.1561163325    7.0    7.0
   69   Sn        5.2140923957      17.8922404252      28.3805779333    7.0    7.0
   70   Sn        4.9907264902      10.5615674687      11.2503179391    7.0    7.0
   71   Sn        2.0554393843       5.4101582405      16.2578201202    7.0    7.0
   72   Sn        2.0768897096      26.2003341089      20.5619513034    7.0    7.0
   73   Sn        2.0836946169      21.6702372502      24.8626695473    7.0    7.0
   74   Sn        2.1382602357      17.1549163936      29.1326429176    7.0    7.0
   75   Sn        1.8954276387      10.0359282892      11.8824141934    7.0    7.0
   76   Sn        4.1543028078       3.9299301968      17.6991930651    7.0    7.0
   77   Sn        4.1611074770      24.6889477582      21.9999097710    7.0    7.0
   78   Sn        4.1825601732      20.1900079730      26.3040435555    7.0    7.0
   79   Sn        4.3425645413      15.5642332153      30.6794489065    7.0    7.0
   80   Sn        4.0997336996       8.4452479059      13.4292222363    7.0    7.0
   81   Sn        5.0766356785       7.7502907731      22.1224388105    7.0    7.0
   82   Sn        5.0734797781      28.5276393276      26.3507603201    7.0    7.0
   83   Sn        4.9241842074      24.0761972596      30.7259239589    7.0    7.0
   84   Sn        4.9913488307      16.8168297735      13.4194818518    7.0    7.0
   85   Sn        5.0905215879      12.2852631501      17.8325490327    7.0    7.0
   86   Sn        1.1592892641       9.4484104296      20.4906720444    7.0    7.0
   87   Sn        1.1741037458       4.9393027522      24.7637924432    7.0    7.0
   88   Sn        1.1062061328      25.7145788710      29.0632627122    7.0    7.0
   89   Sn        1.3657026168      18.6809787990      11.6541348467    7.0    7.0
   90   Sn        1.2333235955      14.0188110391      16.1455478132    7.0    7.0
   91   Sn        4.2729280019      10.0119052789      19.9719838379    7.0    7.0
   92   Sn        4.2857492670       5.4908024928      24.2605098104    7.0    7.0
   93   Sn        4.3067545412      26.2662525744      28.4650743397    7.0    7.0
   94   Sn        4.3637973280      19.3286834284      11.3677097860    7.0    7.0
   95   Sn        4.3199333351      14.5625619533      15.6549934117    7.0    7.0
   96   Sn        1.9508627918       7.1911587417      22.6361091499    7.0    7.0
   97   Sn        1.9667441616      27.9487168226      26.9015352496    7.0    7.0
   98   Sn        1.7371296620      23.7397069976      31.2571940669    7.0    7.0
   99   Sn        1.8260897950      16.3189446008      13.8195135569    7.0    7.0
  100   Sn        1.9504292542      11.7320744651      18.3414876669    7.0    7.0
  101   Sn        1.3138149975       1.5239711247      11.8359389322    7.0    7.0
  102   Sn        1.1645152012      22.3616418322      16.2111015768    7.0    7.0
  103   Sn        1.1613627792      17.8498774441      20.4394231352    7.0    7.0
  104   Sn        1.1474769526      13.3149031371      24.7293134666    7.0    7.0
  105   Sn        1.2466491745       8.7833370375      29.1423803830    7.0    7.0
  106   Sn        5.1317901962      25.1747007786      13.4985981494    7.0    7.0
  107   Sn        5.0638956875      20.6608655218      17.7980707666    7.0    7.0
  108   Sn        5.0787084931      16.1517579847      22.0711898108    7.0    7.0
  109   Sn        5.0046765160      11.5813561467      26.4163140229    7.0    7.0
  110   Sn        4.8722975304       6.9191876729      30.9077282667    7.0    7.0
  111   Sn        1.9312417945      24.6230282995      14.0967884866    7.0    7.0
  112   Sn        1.9522500761      20.1093661850      18.3013527547    7.0    7.0
  113   Sn        1.9650707388      15.5882627027      22.5898784103    7.0    7.0
  114   Sn        1.9180663225      11.0376047854      26.9068678368    7.0    7.0
  115   Sn        1.8742011852       6.2714850278      31.1941504445    7.0    7.0
  116   Sn        4.5008696105       1.8604605803      11.3046670530    7.0    7.0
  117   Sn        4.2712514774      22.9405637827      15.6603256644    7.0    7.0
  118   Sn        4.2871352016      18.4090078567      19.9257520327    7.0    7.0
  119   Sn        4.2875707709      13.8680936412      24.2203746491    7.0    7.0
  120   Sn        4.4119080994       9.2812229879      28.7423491710    7.0    7.0
  121   Sn        1.9180623102      27.2071188661      15.6549944796    7.0    7.0
  122   Sn        1.9650690347      22.6564623947      19.9719836377    7.0    7.0
  123   Sn        1.9522515666      18.1353571575      24.2605089342    7.0    7.0
  124   Sn        1.9312463588      13.6216972210      28.4650743526    7.0    7.0
  125   Sn        1.8741981306       6.6841262475      11.3677084806    7.0    7.0
  126   Sn        4.4119075800       3.6743901662      13.8195135426    7.0    7.0
  127   Sn        4.2875691948      24.3766304154      18.3414877396    7.0    7.0
  128   Sn        4.2871360424      19.8357156827      22.6361090246    7.0    7.0
  129   Sn        4.2712541261      15.3041612267      26.9015351255    7.0    7.0
  130   Sn        4.5008707955      11.0951513105      31.2571939227    7.0    7.0
  131   Sn        1.2466477353       4.1722752988      13.4194818010    7.0    7.0
  132   Sn        1.1474756314      24.9298197926      17.8325483605    7.0    7.0
  133   Sn        1.1613637003      20.3948469181      22.1224390771    7.0    7.0
  134   Sn        1.1645177418      15.8830836975      26.3507602730    7.0    7.0
  135   Sn        1.3138156095      11.4316406245      30.7259227521    7.0    7.0
  136   Sn        5.0046718261      26.6633680991      16.1455466000    7.0    7.0
  137   Sn        5.0787082674      22.0929662793      20.4906714572    7.0    7.0
  138   Sn        5.0638971753      17.5838592659      24.7637919855    7.0    7.0
  139   Sn        5.1317936967      13.0700227315      29.0632638262    7.0    7.0
  140   Sn        4.8722929965       6.0364233985      11.6541325528    7.0    7.0
  141   Sn        4.2857474502       7.4648108156      18.3013525893    7.0    7.0
  142   Sn        4.2729289808       2.9437053488      22.5898778369    7.0    7.0
  143   Sn        4.3199331656      23.6821607416      26.9068677209    7.0    7.0
  144   Sn        4.3637993117      18.9160422723      31.1941550678    7.0    7.0
  145   Sn        4.3067528389      11.9784705026      14.0967881577    7.0    7.0
  146   Sn        1.9508636742       5.7644516863      19.9257537098    7.0    7.0
  147   Sn        1.9504272806      26.5126474930      24.2203738885    7.0    7.0
  148   Sn        1.8260916961      21.9257773499      28.7423484671    7.0    7.0
  149   Sn        1.7371287030      14.5050153672      11.3046675967    7.0    7.0
  150   Sn        1.9667440678      10.2960053694      15.6603261267    7.0    7.0
  151   Sn        5.0766351676       5.2053210497      20.4394233684    7.0    7.0
  152   Sn        5.0905202255      25.9594599542      24.7293133124    7.0    7.0
  153   Sn        4.9913516280      21.4278923642      29.1423802167    7.0    7.0
  154   Sn        4.9241823209      14.1685270591      11.8359393256    7.0    7.0
  155   Sn        5.0734812489       9.7170841145      16.2111012116    7.0    7.0
  156   Sn        1.1741018667       8.0163089137      17.7980706306    7.0    7.0
  157   Sn        1.1592908379       3.5072014907      22.0711907871    7.0    7.0
  158   Sn        1.2333235434      24.2259120056      26.4163149015    7.0    7.0
  159   Sn        1.3657062796      19.5637431649      30.9077278264    7.0    7.0
  160   Sn        1.1062049788      12.5301447514      13.4985991183    7.0    7.0
Atoms.SpeciesAndCoordinates>

Atoms.UnitVectors.Unit  Ang
<Atoms.UnitVectors
     6.238035009414     0.000000000000     0.000000000000
    -0.000002996201    25.289111686289     0.000000000000
    -0.000033787516     5.368878305884    42.561862120362
Atoms.UnitVectors>

Species.Number       2
<Definition.of.Atomic.Species
Co  Co6.0S-s2p3d2f1   Co_PBE19S
Sn  Sn7.0-s2p2d3f1    Sn_PBE19
Definition.of.Atomic.Species>
