System.CurrentDirectory  ./
System.Name              test
level.of.stdout          1
level.of.fileout         1
DATA.PATH                ../../DFT_DATA19

scf.XcType                GGA-PBE
scf.SpinPolarization      On
scf.ElectronicTemperature 300.0
scf.energycutoff          200.0
scf.maxIter               100
scf.EigenvalueSolver      band
scf.Kgrid                 8 8 1
scf.ProExpn.VNA           On
scf.Mixing.Type           rmm-diisk
scf.Init.Mixing.Weight    0.01
scf.Min.Mixing.Weight     0.001
scf.Max.Mixing.Weight     0.200
scf.Mixing.History        15
scf.Mixing.StartPulay     5
scf.criterion             1.0e-7
scf.lapack.dste           dstevx
scf.Hubbard.U             Off
scf.Hubbard.Occupation    dual

MD.Type                     OptC5        # Nomd|Opt|DIIS|NVE|NVT_VS|NVT_NH
MD.Opt.DIIS.History          7         # default=7
MD.Opt.StartDIIS             5         # default=5
MD.maxIter                  3000        # default=1
MD.TimeStep                1.0         # default=0.5 (fs)
MD.Opt.criterion          1.0e-3       # loosened from 3.0e-4 (Tatsumi 2026 Acta Mater Eq.4 convention)

Atoms.Number             56
Atoms.SpeciesAndCoordinates.Unit Ang
<Atoms.SpeciesAndCoordinates
    1   Co        3.7827448072       2.9777506074      29.6100303058    8.5    6.5
    2   Co        0.6726637124       6.1165437360      29.6087556346    8.5    6.5
    3   Co        3.7831487040       2.9754655362      32.3615296248    8.5    6.5
    4   Co        0.6726048820       6.1140077493      32.3612861302    8.5    6.5
    5   Co        3.7749991941       6.1210374439      20.9078486500    8.5    6.5
    6   Co        0.6646359941       2.9821832085      20.9076781356    8.5    6.5
    7   Co        3.7748143866       6.1192274830      23.6541278563    8.5    6.5
    8   Co        0.6652321986       2.9799015973      23.6533967418    8.5    6.5
    9   Sn        5.8562912647       1.9305576426      30.9965813829    7.0    7.0
   10   Sn        1.7094199016       4.0246391792      30.9954178902    7.0    7.0
   11   Sn        2.7444863104       0.8869873875      30.9957264365    7.0    7.0
   12   Sn        4.8194399565       5.0674913311      30.9943387272    7.0    7.0
   13   Sn        5.8490074167       5.0722131858      22.2762622441    7.0    7.0
   14   Sn        1.7012197785       0.8894962615      22.2747244686    7.0    7.0
   15   Sn        2.7389874069       4.0283294311      22.2776950750    7.0    7.0
   16   Sn        4.8116978214       1.9340330431      22.2772931282    7.0    7.0
   17   Sn        4.9603035773       1.0049243650      28.1202901818    7.0    7.0
   18   Sn        2.6044579061       4.9524700595      28.1155452455    7.0    7.0
   19   Sn        1.8506306408       1.8127143360      28.1156510695    7.0    7.0
   20   Sn        5.7144265653       4.1426924163      28.1166798174    7.0    7.0
   21   Sn        2.2112543318       4.5538367358      16.4071481072    7.0    7.0
   22   Sn        5.3342342483       1.4107976202      16.4062854485    7.0    7.0
   23   Sn        5.3212630229       4.5490565014      16.4072082504    7.0    7.0
   24   Sn        2.2242819102       1.4154827263      16.4062933903    7.0    7.0
   25   Sn        4.9772417579       4.1845952560      19.3843523933    7.0    7.0
   26   Sn        2.5724729465       1.7789507427      19.3841511787    7.0    7.0
   27   Sn        1.8666754082       4.9167404704      19.3832493126    7.0    7.0
   28   Sn        5.6823139683       1.0465835603      19.3842788482    7.0    7.0
   29   Sn        2.5964947969       1.8135049171      25.1491265528    7.0    7.0
   30   Sn        4.9560111835       4.1492387187      25.1534076191    7.0    7.0
   31   Sn        5.7051224947       1.0113536876      25.1531047855    7.0    7.0
   32   Sn        1.8462525044       4.9520748581      25.1525690273    7.0    7.0
   33   Sn        2.5983237702       2.8063543084      45.5967817592    7.0    7.0
   34   Sn        1.8337807243       5.9440865914      45.5981836855    7.0    7.0
   35   Sn        5.7035665195       3.1053507954      45.6321294660    7.0    7.0
   36   Sn        4.9482612205       6.2460496672      45.6352302133    7.0    7.0
   37   Sn        5.3621706075       1.4351182940      48.3853721136    7.0    7.0
   38   Sn        5.2888423439       4.5723939611      48.3800697509    7.0    7.0
   39   Sn        2.2550871540       1.3084570367      48.3446749235    7.0    7.0
   40   Sn        2.1762246107       4.4461231868      48.3453695636    7.0    7.0
   41   Sn        2.0588358608       2.8641518441      39.8107117617    7.0    7.0
   42   Sn        2.3811391608       6.0021727796      39.8122360712    7.0    7.0
   43   Sn        5.1667712581       3.0761417611      39.8089430714    7.0    7.0
   44   Sn        5.4936657499       6.2127531114      39.8144488838    7.0    7.0
   45   Sn        5.0813868586       1.1788447537      42.6841515474    7.0    7.0
   46   Sn        5.5690436896       4.3174426052      42.6867550991    7.0    7.0
   47   Sn        1.9723444761       1.5567099543      42.6947493544    7.0    7.0
   48   Sn        2.4602244754       4.6951364669      42.6948422880    7.0    7.0
   49   Sn        1.8376161600       1.8138311475      33.8635738411    7.0    7.0
   50   Sn        2.6187516972       4.9530696958      33.8611985467    7.0    7.0
   51   Sn        5.7299790531       4.1336038363      33.8576207036    7.0    7.0
   52   Sn        4.9468926023       0.9960230756      33.8612600913    7.0    7.0
   53   Sn        5.2398792736       1.2874225506      36.9163611225    7.0    7.0
   54   Sn        5.4219012415       4.4260065292      36.9077455393    7.0    7.0
   55   Sn        2.1318369333       1.4984876418      36.9149432177    7.0    7.0
   56   Sn        2.3105614100       4.6369700523      36.9098922239    7.0    7.0
Atoms.SpeciesAndCoordinates>


Atoms.UnitVectors.Unit  Ang
<Atoms.UnitVectors
     6.219728185796     0.000000000000     0.000000000000
     0.000032086518     6.276316211390     0.000000000000
     0.000000000000     0.000000000000    63.264617270000
Atoms.UnitVectors>

Species.Number       2
<Definition.of.Atomic.Species
Co  Co6.0S-s2p3d2f1   Co_PBE19S
Sn  Sn7.0-s2p2d3f1    Sn_PBE19
Definition.of.Atomic.Species>

scf.restart    on
