System.CurrentDirectory  ./
System.Name              test
level.of.stdout          1
level.of.fileout         1
DATA.PATH                ../../DFT_DATA19

scf.XcType                GGA-PBE
scf.SpinPolarization      On
scf.ElectronicTemperature 300.0
scf.energycutoff          200.0
scf.maxIter               100
scf.EigenvalueSolver      band
scf.Kgrid                 4 8 1
scf.ProExpn.VNA           On
scf.Mixing.Type           rmm-diisk
scf.Init.Mixing.Weight    0.01
scf.Min.Mixing.Weight     0.001
scf.Max.Mixing.Weight     0.200
scf.Mixing.History        15
scf.Mixing.StartPulay     5
scf.criterion             1.0e-7
scf.lapack.dste           dstevx
scf.Hubbard.U             Off
scf.Hubbard.Occupation    dual

MD.Type                     OptC5        # Nomd|Opt|DIIS|NVE|NVT_VS|NVT_NH
MD.Opt.DIIS.History          7         # default=7
MD.Opt.StartDIIS             5         # default=5
MD.maxIter                  3000        # default=1
MD.TimeStep                1.0         # default=0.5 (fs)
MD.Opt.criterion          1.0e-3       # Tatsumi 2026 Acta Mater Eq.4 convention

Atoms.Number             96
Atoms.SpeciesAndCoordinates.Unit Ang
<Atoms.SpeciesAndCoordinates
    1   Co       16.0046975773       3.2207175950      11.1716402833    8.5    6.5
    2   Co       15.9344313524       0.0273105106      14.1076219945    8.5    6.5
    3   Co        1.2903207873       3.2207183389      11.1716396780    8.5    6.5
    4   Co        1.3605916892       0.0273122466      14.1076210980    8.5    6.5
    5   Co        7.2869203285       3.0811975972      14.1076211838    8.5    6.5
    6   Co        7.3571859668       6.1049042436      11.1716400957    8.5    6.5
    7   Co       10.0081002409       3.0811988449      14.1076223268    8.5    6.5
    8   Co        9.9378305687       6.1049042563      11.1716420508    8.5    6.5
    9   Sn       17.2950185634       5.3548769744      11.8669228633    7.0    7.0
   10   Sn        0.0000021654       1.4355166806       9.7953943039    7.0    7.0
   11   Sn       17.2950202661       2.0560672417      13.1004157910    7.0    7.0
   12   Sn       -0.0000004485       4.1917617433      15.1290974015    7.0    7.0
   13   Sn        8.6475089762       5.1338597768      15.1290995679    7.0    7.0
   14   Sn        8.6475107473       1.0524425113      13.1004168692    7.0    7.0
   15   Sn        8.6475142263       1.6729917769       9.7953949780    7.0    7.0
   16   Sn        8.6475090527       3.9707444964      11.8669215155    7.0    7.0
   17   Sn       14.4374230278       4.3809530204      12.9714699053    7.0    7.0
   18   Sn       14.4431412379       1.9584423012      15.1188498716    7.0    7.0
   19   Sn       14.5066592825       1.1959068372      11.7084360882    7.0    7.0
   20   Sn       14.5126776844       4.7508593750       9.8812820648    7.0    7.0
   21   Sn        2.8518808600       1.9584436275      15.1188504728    7.0    7.0
   22   Sn        2.8575953319       4.3809556579      12.9714689945    7.0    7.0
   23   Sn        2.7823369852       4.7508637976       9.8812805042    7.0    7.0
   24   Sn        2.7883609746       1.1959087922      11.7084381457    7.0    7.0
   25   Sn        5.8651549711       4.5747715221       9.8812893526    7.0    7.0
   26   Sn        5.8591504016       1.9126046706      11.7084351930    7.0    7.0
   27   Sn        5.7956318096       1.1500659312      15.1188503712    7.0    7.0
   28   Sn        5.7899162930       4.9446699794      12.9714756642    7.0    7.0
   29   Sn       11.4358713053       1.9126040830      11.7084401388    7.0    7.0
   30   Sn       11.4298592499       4.5747688247       9.8812895317    7.0    7.0
   31   Sn       11.5051031349       4.9446712120      12.9714741771    7.0    7.0
   32   Sn       11.4993901501       1.1500669760      15.1188515702    7.0    7.0
   33   Co       15.9134488111       3.1329159772      17.2159000892    8.5    6.5
   34   Co       15.9134507303       0.0243602330      20.3406355034    8.5    6.5
   35   Co        1.3815735530       3.1329160419      17.2158994773    8.5    6.5
   36   Co        1.3815756619       0.0243595661      20.3406352104    8.5    6.5
   37   Co        7.2659379698       3.0841488469      20.3406369056    8.5    6.5
   38   Co        7.2659361343       6.1927046685      17.2159009681    8.5    6.5
   39   Co       10.0290824229       3.0841478812      20.3406369647    8.5    6.5
   40   Co       10.0290811271       6.1927058610      17.2159001411    8.5    6.5
   41   Sn       17.2950189366       5.1933461556      18.2571861063    7.0    7.0
   42   Sn        0.0000015712       1.0744133060      16.1851551751    7.0    7.0
   43   Sn       17.2950205973       2.0847897693      19.2993489610    7.0    7.0
   44   Sn        0.0000006957       4.1829697021      21.3713796694    7.0    7.0
   45   Sn        8.6475091433       5.1426513214      21.3713802656    7.0    7.0
   46   Sn        8.6475116621       1.0237179953      19.2993499194    7.0    7.0
   47   Sn        8.6475102760       2.0340944440      16.1851586572    7.0    7.0
   48   Sn        8.6475111043       4.1322738271      18.2571883097    7.0    7.0
   49   Sn       14.4382815794       4.2969316975      19.2382296108    7.0    7.0
   50   Sn       14.4355094600       1.9599509460      21.4679327814    7.0    7.0
   51   Sn       14.4382841424       1.1883741129      18.3183047171    7.0    7.0
   52   Sn       14.4355081372       5.0685068045      16.0886006199    7.0    7.0
   53   Sn        2.8595130403       1.9599521881      21.4679323845    7.0    7.0
   54   Sn        2.8567363286       4.2969332917      19.2382294628    7.0    7.0
   55   Sn        2.8595118792       5.0685073229      16.0886018682    7.0    7.0
   56   Sn        2.8567376835       1.1883773253      18.3183042583    7.0    7.0
   57   Sn        5.7879980269       4.2571139000      16.0886042041    7.0    7.0
   58   Sn        5.7907744854       1.9201324016      18.3183077266    7.0    7.0
   59   Sn        5.7879998577       1.1485571248      21.4679357382    7.0    7.0
   60   Sn        5.7907724546       5.0286887423      19.2382318684    7.0    7.0
   61   Sn       11.5042489243       1.9201337408      18.3183066547    7.0    7.0
   62   Sn       11.5070211149       4.2571141476      16.0886031342    7.0    7.0
   63   Sn       11.5042468262       5.0286907099      19.2382319107    7.0    7.0
   64   Sn       11.5070234660       1.1485584167      21.4679356252    7.0    7.0
   65   Co       15.9344316138       3.1358668907      23.4489156123    8.5    6.5
   66   Co       16.0046996584       0.1121607251      26.3848953290    8.5    6.5
   67   Co        1.3605892964       3.1358674247      23.4489167642    8.5    6.5
   68   Co        1.2903251880       0.1121602969      26.3848968726    8.5    6.5
   69   Co        7.3571903471       2.9963474648      26.3848971922    8.5    6.5
   70   Co        7.2869193512       6.1897525858      23.4489170210    8.5    6.5
   71   Co        9.9378327778       2.9963486395      26.3848961507    8.5    6.5
   72   Co       10.0081005047       6.1897550362      23.4489154803    8.5    6.5
   73   Sn       17.2950199179       5.1646219246      24.4561196594    7.0    7.0
   74   Sn       17.2950219879       1.0832053932      22.4274383248    7.0    7.0
   75   Sn        0.0000020133       2.2463206655      25.6896141410    7.0    7.0
   76   Sn       17.2950180944       4.5440729154      27.7611417448    7.0    7.0
   77   Sn        8.6475103646       4.7815485994      27.7611422990    7.0    7.0
   78   Sn        8.6475127543       0.8621870145      25.6896133941    7.0    7.0
   79   Sn        8.6475113689       2.0253036859      22.4274396194    7.0    7.0
   80   Sn        8.6475105165       4.1609979965      24.4561210243    7.0    7.0
   81   Sn       14.5066605713       4.3044600882      25.8480966525    7.0    7.0
   82   Sn       14.5126719729       1.6422950619      27.6752469307    7.0    7.0
   83   Sn       14.4374275627       1.2723944654      24.5850620086    7.0    7.0
   84   Sn       14.4431421968       5.0669973015      22.4376859147    7.0    7.0
   85   Sn        2.7823553402       1.6422936624      27.6752470184    7.0    7.0
   86   Sn        2.7883604124       4.3044607714      25.8481014404    7.0    7.0
   87   Sn        2.8518799691       5.0669989885      22.4376866903    7.0    7.0
   88   Sn        2.8575954978       1.2723951269      24.5850617583    7.0    7.0
   89   Sn        5.7956306464       4.2586214550      22.4376868661    7.0    7.0
   90   Sn        5.7899155072       1.8361097941      24.5850679086    7.0    7.0
   91   Sn        5.8651743109       1.4662012376      27.6752566319    7.0    7.0
   92   Sn        5.8591501586       5.0211557068      25.8480997175    7.0    7.0
   93   Sn       11.5051092437       1.8361117849      24.5850676395    7.0    7.0
   94   Sn       11.4993893881       4.2586232780      22.4376878239    7.0    7.0
   95   Sn       11.4358712064       5.0211573593      25.8481000767    7.0    7.0
   96   Sn       11.4298529349       1.4662051120      27.6752550576    7.0    7.0
Atoms.SpeciesAndCoordinates>

Atoms.UnitVectors.Unit  Ang
<Atoms.UnitVectors
    17.295020109039     0.000000000000     0.000000000000
    -0.000003221579     6.217112437851     0.000000000000
     0.000004261055    -0.000047471923    37.556536878330
Atoms.UnitVectors>

Species.Number       2
<Definition.of.Atomic.Species
Co  Co6.0S-s2p3d2f1   Co_PBE19S
Sn  Sn7.0-s2p2d3f1    Sn_PBE19
Definition.of.Atomic.Species>
