System.CurrentDirectory  ./
System.Name              test
level.of.stdout          1
level.of.fileout         1
DATA.PATH                ../../DFT_DATA19

scf.XcType                GGA-PBE
scf.SpinPolarization      On
scf.ElectronicTemperature 300.0
scf.energycutoff          200.0
scf.maxIter               100
scf.EigenvalueSolver      band
scf.Kgrid                 4 4 1
scf.ProExpn.VNA           On
scf.Mixing.Type           rmm-diisk
scf.Init.Mixing.Weight    0.01
scf.Min.Mixing.Weight     0.001
scf.Max.Mixing.Weight     0.200
scf.Mixing.History        15
scf.Mixing.StartPulay     5
scf.criterion             1.0e-7
scf.lapack.dste           dstevx
scf.Hubbard.U             Off
scf.Hubbard.Occupation    dual

MD.Type                     OptC5        # Nomd|Opt|DIIS|NVE|NVT_VS|NVT_NH
MD.Opt.DIIS.History          7         # default=7
MD.Opt.StartDIIS             5         # default=5
MD.maxIter                  3000        # default=1
MD.TimeStep                1.0         # default=0.5 (fs)
MD.Opt.criterion          1.0e-3       # Tatsumi 2026 Acta Mater Eq.4 convention

Atoms.Number             100
Atoms.SpeciesAndCoordinates.Unit Ang
<Atoms.SpeciesAndCoordinates
    1   Sn        4.0051188541       7.8317542791      48.3130208653    7.0    7.0
    2   Sn        6.6280364343      13.0789653123      48.3068113332    7.0    7.0
    3   Sn        9.2596153169       5.2070432598      48.3099621577    7.0    7.0
    4   Sn       11.8724032664      10.4573939508      48.3111948724    7.0    7.0
    5   Sn        1.3868004580       2.5865040766      48.3116883208    7.0    7.0
    6   Sn        5.3024386482      10.4581554844      47.3104405752    7.0    7.0
    7   Sn        7.9306406813       2.5971536068      47.3145443653    7.0    7.0
    8   Sn       10.5512076885       7.8382014610      47.3121891660    7.0    7.0
    9   Sn        0.0595983286      13.0854079509      47.3048137961    7.0    7.0
   10   Sn        2.6861970201       5.2167255626      47.3129054527    7.0    7.0
   11   Sn        5.3068806264       3.9020744686      46.3100449687    7.0    7.0
   12   Sn        7.9282572481       9.1521289572      46.3105069807    7.0    7.0
   13   Sn       10.5493386002       1.2808887869      46.3101772816    7.0    7.0
   14   Sn        0.0605696107       6.5246173156      46.3101640532    7.0    7.0
   15   Sn        2.6816903108      11.7729873687      46.3074678115    7.0    7.0
   16   Sn        6.6359581625       6.5183794217      47.3112187921    7.0    7.0
   17   Sn        9.2526528187      11.7664443095      47.3165071248    7.0    7.0
   18   Sn       11.8809440099       3.8936146938      47.3119989409    7.0    7.0
   19   Sn        1.3843395618       9.1420534549      47.3106987249    7.0    7.0
   20   Sn        4.0067866580       1.2724425798      47.3163363508    7.0    7.0
   21   Sn        3.9864730730       7.8401758340      45.2325218947    7.0    7.0
   22   Sn        6.6084750826      13.0878269987      45.2291490936    7.0    7.0
   23   Sn        9.2371551537       5.2175350632      45.2299554318    7.0    7.0
   24   Sn       11.8570708330      10.4704421473      45.2310705947    7.0    7.0
   25   Sn        1.3674485807       2.5932073960      45.2312610889    7.0    7.0
   26   Sn        5.2869428707      10.4699798390      44.1713640920    7.0    7.0
   27   Sn        7.9118014601       2.5999351748      44.1729471746    7.0    7.0
   28   Sn       10.5342766591       7.8536343980      44.1742464391    7.0    7.0
   29   Sn        0.0413820099      13.0938560041      44.1646823815    7.0    7.0
   30   Sn        2.6630912725       5.2229829074      44.1701171647    7.0    7.0
   31   Sn        5.2833509565       3.9116040538      43.1212494544    7.0    7.0
   32   Sn        7.9039344580       9.1620739900      43.1214309706    7.0    7.0
   33   Sn       10.5264889132       1.2900009548      43.1219687996    7.0    7.0
   34   Sn        0.0341661917       6.5415186016      43.1224128426    7.0    7.0
   35   Sn        2.6585600201      11.7833572690      43.1201509152    7.0    7.0
   36   Sn        6.6051163553       6.5309462625      44.1679413333    7.0    7.0
   37   Sn        9.2243225689      11.7783755371      44.1719170777    7.0    7.0
   38   Sn       11.8536816066       3.9084990354      44.1664431373    7.0    7.0
   39   Sn        1.3586021111       9.1564641136      44.1672700699    7.0    7.0
   40   Sn        3.9814244025       1.2834200092      44.1698225615    7.0    7.0
   41   Sn        3.9307780424       7.8630000469      41.8069350236    7.0    7.0
   42   Sn        6.5552404663      13.1112724703      41.8009717348    7.0    7.0
   43   Sn        9.1789129858       5.2529232244      41.8031851906    7.0    7.0
   44   Sn       11.8066259923      10.4916410066      41.8044883452    7.0    7.0
   45   Sn        1.3094715741       2.6268037513      41.8036958075    7.0    7.0
   46   Sn        5.2265103773      10.4944119309      40.8228599521    7.0    7.0
   47   Sn        7.8512826412       2.6325110979      40.8290603290    7.0    7.0
   48   Sn       10.4786055351       7.8796366564      40.8215949509    7.0    7.0
   49   Sn       13.0946122445       0.0117962170      40.8208706392    7.0    7.0
   50   Sn        2.6095211900       5.2516994998      40.8186680974    7.0    7.0
   51   Sn        5.2272042771       3.9442375196      39.8325726454    7.0    7.0
   52   Sn        7.8460261986       9.1874171944      39.8407446671    7.0    7.0
   53   Sn       10.4661204196       1.3250835346      39.8379572538    7.0    7.0
   54   Sn       13.0931218838       6.5614412448      39.8385764727    7.0    7.0
   55   Sn        2.5998063556      11.8170608962      39.8453080371    7.0    7.0
   56   Sn        6.5513129859       6.5569455730      40.8202141297    7.0    7.0
   57   Sn        9.1800896741      11.8046286032      40.8211883175    7.0    7.0
   58   Sn       11.7961241350       3.9372475334      40.8212250810    7.0    7.0
   59   Sn        1.3096230272       9.1775907392      40.8143473260    7.0    7.0
   60   Sn        3.9308136559       1.3167902007      40.8228310618    7.0    7.0
   61   Sn        3.8998302191       7.8895925131      38.5216247029    7.0    7.0
   62   Sn        6.5196974481       0.0195108987      38.5277705584    7.0    7.0
   63   Sn        9.1423174067       5.2616123252      38.5221729769    7.0    7.0
   64   Sn       11.7671297570      10.5120297637      38.5233768149    7.0    7.0
   65   Sn        1.2752438002       2.6389017200      38.5212147669    7.0    7.0
   66   Sn        5.1937810892      10.5198959842      37.4752727982    7.0    7.0
   67   Sn        7.8187264365       2.6441446619      37.4751506400    7.0    7.0
   68   Sn       10.4400758501       7.8932314993      37.4764182012    7.0    7.0
   69   Sn       13.0617896274       0.0257487510      37.4684098053    7.0    7.0
   70   Sn        2.5692646970       5.2723373987      37.4740432387    7.0    7.0
   71   Sn        5.1942054898       3.9605972925      36.4121346445    7.0    7.0
   72   Sn        7.8157730833       9.2035651845      36.4155561369    7.0    7.0
   73   Sn       10.4393841682       1.3368738497      36.4104879680    7.0    7.0
   74   Sn       13.0616490160       6.5880589431      36.4142040635    7.0    7.0
   75   Sn        2.5667346624      11.8308799439      36.4154670279    7.0    7.0
   76   Sn        6.5179316736       6.5781877775      37.4720878853    7.0    7.0
   77   Sn        9.1389216814      11.8207383109      37.4775211656    7.0    7.0
   78   Sn       11.7658247890       3.9556130072      37.4710172090    7.0    7.0
   79   Sn        1.2739033599       9.2032793617      37.4767001846    7.0    7.0
   80   Sn        3.8960112433       1.3310774624      37.4744622091    7.0    7.0
   81   Sn        3.8780698430       7.8962131320      35.3300485857    7.0    7.0
   82   Sn        6.5017403202       0.0272088826      35.3349311510    7.0    7.0
   83   Sn        9.1233782719       5.2755222394      35.3310577245    7.0    7.0
   84   Sn       11.7480611986      10.5203138678      35.3321489067    7.0    7.0
   85   Sn        1.2535763686       2.6507807038      35.3276222249    7.0    7.0
   86   Sn        5.1909122500      10.5199001414      34.3326569421    7.0    7.0
   87   Sn        7.8144993980       2.6488552754      34.3319607948    7.0    7.0
   88   Sn       10.4329960637       7.9009578133      34.3311443596    7.0    7.0
   89   Sn       13.0596077306       0.0275945532      34.3253649397    7.0    7.0
   90   Sn        2.5671413580       5.2749907826      34.3309610784    7.0    7.0
   91   Sn        5.1930354224       3.9604139937      33.3295201204    7.0    7.0
   92   Sn        7.8097382190       9.2082201383      33.3380892124    7.0    7.0
   93   Sn       10.4387878643       1.3374413558      33.3286042510    7.0    7.0
   94   Sn       13.0549547884       6.5866836159      33.3374570264    7.0    7.0
   95   Sn        2.5716153490      11.8309666774      33.3399616472    7.0    7.0
   96   Sn        6.4984775754       6.5821666333      34.3279251503    7.0    7.0
   97   Sn        9.1264319523      11.8333133421      34.3343054451    7.0    7.0
   98   Sn       11.7452900451       3.9631780705      34.3306698858    7.0    7.0
   99   Sn        1.2542485728       9.2072367047      34.3323768660    7.0    7.0
  100   Sn        3.8827915006       1.3426500123      34.3322092041    7.0    7.0
Atoms.SpeciesAndCoordinates>

Atoms.UnitVectors.Unit  Ang
<Atoms.UnitVectors
    13.115113747080     0.000000000000     0.000000000000
    -0.000644336728    13.114068183735     0.000000000000
     0.000000000000     0.000000000000    62.176136010000
Atoms.UnitVectors>

Species.Number       2
<Definition.of.Atomic.Species
Co  Co6.0S-s2p3d2f1   Co_PBE19S
Sn  Sn7.0-s2p2d3f1    Sn_PBE19
Definition.of.Atomic.Species>
