System.CurrentDirectory  ./
System.Name              test
level.of.stdout          1
level.of.fileout         1
DATA.PATH                ../../DFT_DATA19

scf.XcType                GGA-PBE
scf.SpinPolarization      On
scf.ElectronicTemperature 300.0
scf.energycutoff          200.0
scf.maxIter               100
scf.EigenvalueSolver      band
scf.Kgrid                 4 4 1
scf.ProExpn.VNA           On
scf.Mixing.Type           rmm-diisk
scf.Init.Mixing.Weight    0.01
scf.Min.Mixing.Weight     0.001
scf.Max.Mixing.Weight     0.200
scf.Mixing.History        15
scf.Mixing.StartPulay     5
scf.criterion             1.0e-7
scf.lapack.dste           dstevx
scf.Hubbard.U             Off
scf.Hubbard.Occupation    dual

MD.Type                     OptC5        # Nomd|Opt|DIIS|NVE|NVT_VS|NVT_NH
MD.Opt.DIIS.History          7         # default=7
MD.Opt.StartDIIS             5         # default=5
MD.maxIter                  3000        # default=1
MD.TimeStep                1.0         # default=0.5 (fs)
MD.Opt.criterion          1.0e-3       # Tatsumi 2026 Acta Mater Eq.4 convention

Atoms.Number             228
Atoms.SpeciesAndCoordinates.Unit Ang
<Atoms.SpeciesAndCoordinates
    1   Co        2.8978968615       3.1610557166      29.2754882703    8.5    6.5
    2   Co        9.1256762139       3.1239605688      29.2918610040    8.5    6.5
    3   Co        2.8895113960       9.3901141146      29.3125751503    8.5    6.5
    4   Co        9.1016566244       9.3689700185      29.2561565804    8.5    6.5
    5   Co        6.0094492338       6.2386748703      29.2601426299    8.5    6.5
    6   Co       12.2414490662       6.2722574077      29.3245708611    8.5    6.5
    7   Co        5.9972441210       0.0124190053      29.3085137882    8.5    6.5
    8   Co       12.2180587812       0.0427281540      29.2420539325    8.5    6.5
    9   Co        2.9078969937       3.1760965977      32.0446053999    8.5    6.5
   10   Co        9.1293964576       3.0844739584      32.0598505203    8.5    6.5
   11   Co        2.7717302452       9.5096014151      32.0331889769    8.5    6.5
   12   Co        8.9870140154       9.2567912522      31.9196419586    8.5    6.5
   13   Co       12.2917698203       0.1278269620      31.9115884678    8.5    6.5
   14   Co        5.9973293245       0.0025679815      32.0954293215    8.5    6.5
   15   Co       12.2372835160       6.2958152796      32.1241548595    8.5    6.5
   16   Co        6.0933383389       6.1409718651      31.9400475395    8.5    6.5
   17   Co        2.9027938140       6.2602591285      20.5855633838    8.5    6.5
   18   Co        9.1265923386       6.2589223779      20.5819833399    8.5    6.5
   19   Co        2.8947223254       0.0221690764      20.5809141841    8.5    6.5
   20   Co        9.1190451581       0.0220531349      20.5830254215    8.5    6.5
   21   Co        6.0116649299       3.1407652783      20.5793032258    8.5    6.5
   22   Co       12.2353542764       3.1408632251      20.5822413718    8.5    6.5
   23   Co        6.0188694404       9.3772636188      20.5869452786    8.5    6.5
   24   Co       12.2439219794       9.3780266596      20.5828377470    8.5    6.5
   25   Co        2.8951741932       0.0230265418      23.3319615512    8.5    6.5
   26   Co        9.1182839594       0.0222099485      23.3349308236    8.5    6.5
   27   Co        2.8995423672       6.2593847361      23.3389692966    8.5    6.5
   28   Co        9.1263774890       6.2593680064      23.3343391657    8.5    6.5
   29   Co       12.2361417641       3.1413034055      23.3345813180    8.5    6.5
   30   Co        6.0105386051       3.1416372923      23.3289538234    8.5    6.5
   31   Co       12.2426591719       9.3791809646      23.3334280782    8.5    6.5
   32   Co        6.0185743203       9.3778881280      23.3418806262    8.5    6.5
   33   Sn        4.9688817903       2.0904113358      30.6815981372    7.0    7.0
   34   Sn       11.1971447586       2.1281063115      30.6493583897    7.0    7.0
   35   Sn        4.8646506514       8.2702275445      30.9497705675    7.0    7.0
   36   Sn       11.1852095378       8.3395815814      30.6484085615    7.0    7.0
   37   Sn        0.8359735138       4.2155703388      30.7281818958    7.0    7.0
   38   Sn        7.0724139269       4.1165784905      30.6362384807    7.0    7.0
   39   Sn        0.7871956904      10.4521397773      30.6104504964    7.0    7.0
   40   Sn        6.9672324444      10.3627482450      30.6383681731    7.0    7.0
   41   Sn        1.8848445372       1.1004557573      30.6042383791    7.0    7.0
   42   Sn        8.0956316947       1.0038761538      30.6755697048    7.0    7.0
   43   Sn        1.8490847547       7.3276156200      30.7325242484    7.0    7.0
   44   Sn        8.0805269041       7.2289140572      30.5932359545    7.0    7.0
   45   Sn        3.9429364904       5.2185737045      30.6623309813    7.0    7.0
   46   Sn       10.1816971212       5.2038563284      30.7494801515    7.0    7.0
   47   Sn        3.9307977962      11.4752970489      30.7203158507    7.0    7.0
   48   Sn       10.2052013841      11.3694468361      30.8975867646    7.0    7.0
   49   Sn        4.9727060659       5.2201351907      21.9543849652    7.0    7.0
   50   Sn       11.1975236322       5.2182771515      21.9557283165    7.0    7.0
   51   Sn        4.9821103023      11.4548275395      21.9569920521    7.0    7.0
   52   Sn       11.2046601805      11.4543251613      21.9554052640    7.0    7.0
   53   Sn        0.8227912834       1.0622055560      21.9497645589    7.0    7.0
   54   Sn        7.0471367125       1.0617813251      21.9502048871    7.0    7.0
   55   Sn        0.8303712742       7.2999489877      21.9556995477    7.0    7.0
   56   Sn        7.0540939406       7.3006795423      21.9557379483    7.0    7.0
   57   Sn        1.8593503413       4.1821802124      21.9556899608    7.0    7.0
   58   Sn        8.0853346185       4.1816671272      21.9493367833    7.0    7.0
   59   Sn        1.8701531990      10.4172537066      21.9498689104    7.0    7.0
   60   Sn        8.0929834179      10.4187198461      21.9553767801    7.0    7.0
   61   Sn        3.9362922668       2.0999656830      21.9481069866    7.0    7.0
   62   Sn       10.1623903068       2.0977884455      21.9541302509    7.0    7.0
   63   Sn        3.9486519024       8.3328864545      21.9673063446    7.0    7.0
   64   Sn       10.1682713235       8.3373333173      21.9519115354    7.0    7.0
   65   Sn        4.0777969362       1.1949798950      27.7937341077    7.0    7.0
   66   Sn       10.2848336788       1.1836419306      27.7888486706    7.0    7.0
   67   Sn        4.0968261032       7.4572254476      27.8724334828    7.0    7.0
   68   Sn       10.3095080424       7.4269694703      27.7868744365    7.0    7.0
   69   Sn        1.7093904388       5.1111869129      27.8126301895    7.0    7.0
   70   Sn        7.9493061981       5.0837836261      27.7816314134    7.0    7.0
   71   Sn        1.7167336066      11.3490185185      27.7708214248    7.0    7.0
   72   Sn        7.9366455393      11.3318754534      27.8002201217    7.0    7.0
   73   Sn        0.9506385984       2.0098754469      27.7712750648    7.0    7.0
   74   Sn        7.1868883005       1.9622958903      27.7960156832    7.0    7.0
   75   Sn        0.9808184775       8.2158909848      27.8139383958    7.0    7.0
   76   Sn        7.1661131235       8.2150190663      27.7810892451    7.0    7.0
   77   Sn        4.8254432417       4.3096135216      27.7793928886    7.0    7.0
   78   Sn       11.0504336808       4.3211549663      27.8264796627    7.0    7.0
   79   Sn        4.8122176300      10.5464712638      27.8308337790    7.0    7.0
   80   Sn       11.0147515208      10.5737684842      27.8374431084    7.0    7.0
   81   Sn        1.3343470534       4.7115546558      16.0788903627    7.0    7.0
   82   Sn        7.5592948810       4.7111723853      16.0749651813    7.0    7.0
   83   Sn        1.3427346468      10.9479336166      16.0777122825    7.0    7.0
   84   Sn        7.5670191574      10.9476522834      16.0788661695    7.0    7.0
   85   Sn        4.4665397907       1.5696062525      16.0754892991    7.0    7.0
   86   Sn       10.6911847268       1.5703785873      16.0780541996    7.0    7.0
   87   Sn        4.4748005772       7.8069203130      16.0811839086    7.0    7.0
   88   Sn       10.6993741955       7.8068672438      16.0773956085    7.0    7.0
   89   Sn        4.4464857761       4.6893877600      16.0767141198    7.0    7.0
   90   Sn       10.6718541709       4.6887000473      16.0777594113    7.0    7.0
   91   Sn        4.4550448893      10.9248404890      16.0788999501    7.0    7.0
   92   Sn       10.6795688577      10.9257532605      16.0777280899    7.0    7.0
   93   Sn        1.3537722268       1.5924369757      16.0759498730    7.0    7.0
   94   Sn        7.5792017313       1.5918729988      16.0752964082    7.0    7.0
   95   Sn        1.3630548896       7.8297373658      16.0783794087    7.0    7.0
   96   Sn        7.5866618476       7.8299268366      16.0779197650    7.0    7.0
   97   Sn        4.0985799392       4.3411056146      19.0563305315    7.0    7.0
   98   Sn       10.3231310353       4.3397019509      19.0572506676    7.0    7.0
   99   Sn        4.1070463695      10.5770203662      19.0582814093    7.0    7.0
  100   Sn       10.3314245369      10.5769197618      19.0575038271    7.0    7.0
  101   Sn        1.7000347592       1.9427181863      19.0550111576    7.0    7.0
  102   Sn        7.9244726446       1.9413596357      19.0540252681    7.0    7.0
  103   Sn        1.7066757924       8.1789472958      19.0588269759    7.0    7.0
  104   Sn        7.9303333974       8.1786799198      19.0587162397    7.0    7.0
  105   Sn        0.9875672856       5.0607182337      19.0591190116    7.0    7.0
  106   Sn        7.2118915677       5.0614403245      19.0545747307    7.0    7.0
  107   Sn        0.9937692702      11.2981633868      19.0567082732    7.0    7.0
  108   Sn        7.2195281196      11.2967505386      19.0591848581    7.0    7.0
  109   Sn        4.8118447561       1.2193727865      19.0544752941    7.0    7.0
  110   Sn       11.0352512860       1.2207384146      19.0576553146    7.0    7.0
  111   Sn        4.8151953870       7.4618678157      19.0634606923    7.0    7.0
  112   Sn       11.0430567321       7.4580261812      19.0572849257    7.0    7.0
  113   Sn        1.7237900644       1.9846359295      24.8254562238    7.0    7.0
  114   Sn        7.9435860352       1.9791362953      24.8281929491    7.0    7.0
  115   Sn        1.7176482369       8.2188127367      24.8382825598    7.0    7.0
  116   Sn        7.9439213868       8.2133598932      24.8319811735    7.0    7.0
  117   Sn        4.0764882921       4.3030679157      24.8286514583    7.0    7.0
  118   Sn       10.3067383793       4.3059787673      24.8421816110    7.0    7.0
  119   Sn        4.0929697448      10.5468717101      24.8465603649    7.0    7.0
  120   Sn       10.3212318426      10.5433977293      24.8503749789    7.0    7.0
  121   Sn        4.8336629072       1.1852599118      24.8284112657    7.0    7.0
  122   Sn       11.0524214278       1.1885374283      24.8340284962    7.0    7.0
  123   Sn        4.8174040704       7.4273574991      24.8686835712    7.0    7.0
  124   Sn       11.0590546309       7.4240938999      24.8292670299    7.0    7.0
  125   Sn        0.9660555262       5.1013202090      24.8421343071    7.0    7.0
  126   Sn        7.1904508381       5.0955119873      24.8231585217    7.0    7.0
  127   Sn        0.9773894783      11.3384698726      24.8175742909    7.0    7.0
  128   Sn        7.2044218256      11.3342207037      24.8370685726    7.0    7.0
  129   Sn        4.1094320551       7.5690976047      48.8820397350    7.0    7.0
  130   Sn        6.3496588649       0.1831104125      50.8853693791    7.0    7.0
  131   Sn        9.3032348858       5.2066719253      49.0933600946    7.0    7.0
  132   Sn       11.8202845116      10.4534183462      50.9568960198    7.0    7.0
  133   Sn        1.7102754421       2.8119314714      51.0060834219    7.0    7.0
  134   Sn        5.6792639622      10.2850319175      48.9679023737    7.0    7.0
  135   Sn        7.6719768576       2.6124650032      49.6505331452    7.0    7.0
  136   Sn       10.5003484225       8.1759179537      49.3020424802    7.0    7.0
  137   Sn        0.6460313846       0.3988083373      49.3726212365    7.0    7.0
  138   Sn        2.9615254637       4.6109631294      48.8106822979    7.0    7.0
  139   Sn        5.7138532144       3.8076119469      47.6436337366    7.0    7.0
  140   Sn        8.2849984420       9.4268927277      47.4216614072    7.0    7.0
  141   Sn       10.0791363871       1.2979798549      48.3140253890    7.0    7.0
  142   Sn        0.3656554554       6.4824959685      47.9212838363    7.0    7.0
  143   Sn        3.0671451537      11.4706262727      47.7692447332    7.0    7.0
  144   Sn        6.8951073292       6.7821634378      48.0178417305    7.0    7.0
  145   Sn        9.0296851523      11.3172066103      49.7957116353    7.0    7.0
  146   Sn       11.9953492871       3.5923612417      49.0062607428    7.0    7.0
  147   Sn        1.4326948143       9.1687420397      49.1139084768    7.0    7.0
  148   Sn        4.0176762363       1.5067699785      49.3592058528    7.0    7.0
  149   Sn        4.6769526785       8.9874426118      46.0480664612    7.0    7.0
  150   Sn        6.7585285580       0.4447141900      47.5795854756    7.0    7.0
  151   Sn        8.8536990808       4.6088664042      46.1185350227    7.0    7.0
  152   Sn       11.4225021673      10.8069485614      47.6837447959    7.0    7.0
  153   Sn        1.7388726438       2.3001359282      47.0946336349    7.0    7.0
  154   Sn        4.6335072559       9.6075458673      42.5637235621    7.0    7.0
  155   Sn        8.5744197114       2.1588873769      42.5812026354    7.0    7.0
  156   Sn       10.4638644943       7.4073651475      45.9356685217    7.0    7.0
  157   Sn        0.3850541990       1.0465266944      44.4911562530    7.0    7.0
  158   Sn        3.0939564582       6.2096105537      45.9785329992    7.0    7.0
  159   Sn        5.8092091553       3.3255628024      43.2827501730    7.0    7.0
  160   Sn        7.3154240701       8.6114408138      44.1170201156    7.0    7.0
  161   Sn        9.8900328481       1.7046250858      45.3264733656    7.0    7.0
  162   Sn        0.3521672991       6.5362355798      43.6869169069    7.0    7.0
  163   Sn        2.9974964671      11.5716821555      44.6519220913    7.0    7.0
  164   Sn        6.1721238177       5.9097720161      45.0474506301    7.0    7.0
  165   Sn        8.2323311627      11.5100099469      45.1041947276    7.0    7.0
  166   Sn       11.9851442248       4.2653804626      45.7101168401    7.0    7.0
  167   Sn        1.2800874498       8.8968168622      45.9357406082    7.0    7.0
  168   Sn        4.5492831130       1.7011128532      45.6900751058    7.0    7.0
  169   Sn        3.3833520026       6.6518635489      42.7416223192    7.0    7.0
  170   Sn        5.9486028481       0.0152790429      43.2323620370    7.0    7.0
  171   Sn        9.0032914723       5.3314837873      42.9307909253    7.0    7.0
  172   Sn       11.2512701577      10.7539767853      44.5106809921    7.0    7.0
  173   Sn        2.4598982678       3.6600836919      44.0398354693    7.0    7.0
  174   Sn        4.9561107320       8.7187952673      39.2732274620    7.0    7.0
  175   Sn        7.4189107966       2.1084916071      39.5241013248    7.0    7.0
  176   Sn       10.3500766906       8.2967500082      42.6995056874    7.0    7.0
  177   Sn       12.4549901447      12.3609736797      41.6384401271    7.0    7.0
  178   Sn        1.8613649027       4.4934681597      40.8814601354    7.0    7.0
  179   Sn        4.7828195415       3.5000237693      40.4230417286    7.0    7.0
  180   Sn        7.7317593189       9.0074745351      40.9979992679    7.0    7.0
  181   Sn       10.6120441356       1.9163860232      39.9791018280    7.0    7.0
  182   Sn       11.5144919804       6.1003288058      40.5965343912    7.0    7.0
  183   Sn        2.7589979617      11.1419322849      40.1276310217    7.0    7.0
  184   Sn        6.2558574395       6.2762486762      41.5457302380    7.0    7.0
  185   Sn        9.3139212402      11.6166067152      42.0777056739    7.0    7.0
  186   Sn       11.7017865420       3.4563444159      42.5738497829    7.0    7.0
  187   Sn        1.3241913085       9.5350584025      42.6634987740    7.0    7.0
  188   Sn        3.1377141714       1.2516804403      42.0807998151    7.0    7.0
  189   Sn        1.9322781651       7.7635119759      40.0147527769    7.0    7.0
  190   Sn        6.1952458989      11.6210093754      40.2262292756    7.0    7.0
  191   Sn        8.6086247634       5.1071281396      39.6568921176    7.0    7.0
  192   Sn       11.6522809065       9.6432169463      39.9774857847    7.0    7.0
  193   Sn        1.3257864947       1.7912030770      39.2915285987    7.0    7.0
  194   Sn        8.8215933453      10.3397928480      36.2660790539    7.0    7.0
  195   Sn        4.5754368193       3.1988791553      36.2575198364    7.0    7.0
  196   Sn        9.7291800573       6.1327865503      35.9524240546    7.0    7.0
  197   Sn       12.4009000251      11.8792782743      37.8363895063    7.0    7.0
  198   Sn        1.3542595810       3.0900113672      36.3660653498    7.0    7.0
  199   Sn        2.4976241481       5.5944063194      37.7415249322    7.0    7.0
  200   Sn        9.3032508808       7.9930713898      38.5759661275    7.0    7.0
  201   Sn       10.4522557691       1.4540684614      36.5028504919    7.0    7.0
  202   Sn       12.3129904281       7.4192646052      37.5017127270    7.0    7.0
  203   Sn        5.4207321664      10.7558299160      36.7013614774    7.0    7.0
  204   Sn        5.5552036891       5.6931889646      38.3225445580    7.0    7.0
  205   Sn        9.2110212783      11.7468688976      38.9298592605    7.0    7.0
  206   Sn       11.3018259291       4.1415038031      37.8695824996    7.0    7.0
  207   Sn        2.4325380953       9.5596965005      37.3092389048    7.0    7.0
  208   Sn        4.3144437910       1.0213180353      38.5230922937    7.0    7.0
  209   Sn        6.8751900972       7.8839151221      36.4412980366    7.0    7.0
  210   Sn        7.3628270213       0.8534410395      36.5548211644    7.0    7.0
  211   Sn        7.6451573604       3.9804314729      36.7263604525    7.0    7.0
  212   Sn       11.8457705076       9.7595359693      35.5671654333    7.0    7.0
  213   Sn        2.6316909210       0.0017644457      35.9312571950    7.0    7.0
  214   Sn        4.7054660328      10.5206753872      33.6050305314    7.0    7.0
  215   Sn        7.3233026795       1.8199526760      33.6105807391    7.0    7.0
  216   Sn       10.4642202813       7.8435613345      33.5415684838    7.0    7.0
  217   Sn        1.2629151570      11.1179732343      33.5513172676    7.0    7.0
  218   Sn        1.0592575401       1.8321643018      33.4913194239    7.0    7.0
  219   Sn        4.6026805809       4.8080481816      33.6361505919    7.0    7.0
  220   Sn        7.0335325382       8.1102232369      33.4060434677    7.0    7.0
  221   Sn       10.3962843093       1.0135542390      33.5042782255    7.0    7.0
  222   Sn        1.5338423993       4.9065800890      33.7398572727    7.0    7.0
  223   Sn        1.3496420741       7.9899449313      33.6812263743    7.0    7.0
  224   Sn        7.7827238460       4.9251485850      33.5686798964    7.0    7.0
  225   Sn        8.0557520767      11.1935148603      33.4393350334    7.0    7.0
  226   Sn       10.9106212929       4.3500901103      33.6520667237    7.0    7.0
  227   Sn        3.7254978703       7.2399957018      35.4838428056    7.0    7.0
  228   Sn        4.2343101116       1.4212876988      33.6164739453    7.0    7.0
Atoms.SpeciesAndCoordinates>

Atoms.UnitVectors.Unit  Ang
<Atoms.UnitVectors
    12.449268815124     0.000000000000     0.000000000000
     0.016166232543    12.474453238050     0.000000000000
     0.000000000000     0.000000000000    63.645507160000
Atoms.UnitVectors>

Species.Number       2
<Definition.of.Atomic.Species
Co  Co6.0S-s2p3d2f1   Co_PBE19S
Sn  Sn7.0-s2p2d3f1    Sn_PBE19
Definition.of.Atomic.Species>
