# === Phase 2 finalized from Phase 1A output ===
# Source: /home/tatsumi/projects/cosn3-betasn-adhesion/dft_cdd/Phase1A
# Cell + atoms taken from test.md last MD step
# scf.fixed.grid taken from log.txt Grid_Origin (last occurrence)

System.CurrentDirectory  ./
System.Name              test
level.of.stdout          1
level.of.fileout         1
DATA.PATH                ../../DFT_DATA19

scf.XcType                GGA-PBE
scf.SpinPolarization      On
scf.ElectronicTemperature 300.0
scf.energycutoff          200.0
scf.maxIter               100
scf.EigenvalueSolver      band
scf.Kgrid                 8 8 1
scf.ProExpn.VNA           On
scf.Mixing.Type           kerker
scf.Init.Mixing.Weight    0.10
scf.Min.Mixing.Weight     0.01
scf.Max.Mixing.Weight     0.200
scf.Mixing.History        15
scf.Mixing.StartPulay     5
scf.criterion             1.0e-7
scf.lapack.dste           dstevx
scf.Hubbard.U             Off
scf.Hubbard.Occupation    dual

MD.Type                     Nomd
MD.Opt.DIIS.History          7
MD.Opt.StartDIIS             5
MD.maxIter                  3000
MD.TimeStep                1.0
MD.Opt.criterion          1.0e-3

Atoms.Number             56
Atoms.SpeciesAndCoordinates.Unit Ang
<Atoms.SpeciesAndCoordinates
    1   Co        3.8083200000       3.0157500000      29.4994100000    8.5    6.5
    2   Co        0.6744400000       6.1929900000      29.4914800000    8.5    6.5
    3   Co        3.8064200000       3.0159700000      32.2024600000    8.5    6.5
    4   Co        0.6741400000       6.1948900000      32.1963400000    8.5    6.5
    5   Co        3.8067500000       6.1788300000      20.8813300000    8.5    6.5
    6   Co        0.6737200000       3.0011600000      20.8849900000    8.5    6.5
    7   Co        3.8039300000       6.1969600000      23.5682800000    8.5    6.5
    8   Co        0.6708300000       3.0196300000      23.5720400000    8.5    6.5
    9   Sn        5.9278500000       1.9804900000      30.8613400000    7.0    7.0
   10   Sn        1.6875600000       4.0603100000      30.8526500000    7.0    7.0
   11   Sn        2.7921600000       0.8803000000      30.8598600000    7.0    7.0
   12   Sn        4.8183400000       5.1599700000      30.8533000000    7.0    7.0
   13   Sn        5.9269000000       5.1550500000      22.2088800000    7.0    7.0
   14   Sn        1.6852600000       0.8797700000      22.2187500000    7.0    7.0
   15   Sn        2.7895400000       4.0585900000      22.2144800000    7.0    7.0
   16   Sn        4.8146000000       1.9776700000      22.2129900000    7.0    7.0
   17   Sn        4.9873700000       1.0232600000      28.0100500000    7.0    7.0
   18   Sn        2.6285900000       5.0339500000      27.9978500000    7.0    7.0
   19   Sn        1.8493500000       1.8591100000      28.0110500000    7.0    7.0
   20   Sn        5.7543700000       4.2023600000      28.0026600000    7.0    7.0
   21   Sn        2.2459400000       4.5753900000      16.3760400000    7.0    7.0
   22   Sn        5.3722300000       1.4026400000      16.3834400000    7.0    7.0
   23   Sn        5.3787900000       4.5812400000      16.3801000000    7.0    7.0
   24   Sn        2.2387100000       1.3956300000      16.3826000000    7.0    7.0
   25   Sn        5.0402400000       4.2362700000      19.3282800000    7.0    7.0
   26   Sn        2.5723600000       1.7489700000      19.3299600000    7.0    7.0
   27   Sn        1.9088300000       4.9285500000      19.3232000000    7.0    7.0
   28   Sn        5.7101600000       1.0553700000      19.3332200000    7.0    7.0
   29   Sn        2.6316500000       1.8634700000      25.0528900000    7.0    7.0
   30   Sn        4.9526700000       4.2001900000      25.0485300000    7.0    7.0
   31   Sn        5.7590200000       1.0266100000      25.0550100000    7.0    7.0
   32   Sn        1.8152900000       5.0446200000      25.0465800000    7.0    7.0
   33   Sn        2.5996200000       2.8299300000      45.4269800000    7.0    7.0
   34   Sn        1.8834200000       6.0069100000      45.4183300000    7.0    7.0
   35   Sn        5.7278300000       3.1258500000      45.4555700000    7.0    7.0
   36   Sn        5.0199100000       6.3046100000      45.4516000000    7.0    7.0
   37   Sn        5.3853200000       1.4193000000      48.2163400000    7.0    7.0
   38   Sn        5.3456700000       4.5954700000      48.1976000000    7.0    7.0
   39   Sn        2.2534300000       1.2816900000      48.1593500000    7.0    7.0
   40   Sn        2.2113000000       4.4585900000      48.1523600000    7.0    7.0
   41   Sn        2.0889900000       2.9255300000      39.6425700000    7.0    7.0
   42   Sn        2.3643200000       6.1030300000      39.6440600000    7.0    7.0
   43   Sn        5.2193100000       3.0652000000      39.6452800000    7.0    7.0
   44   Sn        5.4983600000       6.2439900000      39.6428400000    7.0    7.0
   45   Sn        5.1467600000       1.2730300000      42.5300300000    7.0    7.0
   46   Sn        5.6028600000       4.4500700000      42.5213900000    7.0    7.0
   47   Sn        2.0057700000       1.5056300000      42.5318900000    7.0    7.0
   48   Sn        2.4780700000       4.6808300000      42.5283400000    7.0    7.0
   49   Sn        1.8649100000       1.8590300000      33.6929800000    7.0    7.0
   50   Sn        2.6168300000       5.0378400000      33.6869100000    7.0    7.0
   51   Sn        5.7458200000       4.2071500000      33.6886100000    7.0    7.0
   52   Sn        5.0003000000       1.0291800000      33.6959400000    7.0    7.0
   53   Sn        5.2707700000       1.2951400000      36.7229700000    7.0    7.0
   54   Sn        5.4787500000       4.4745300000      36.7180900000    7.0    7.0
   55   Sn        2.1390900000       1.5048500000      36.7182200000    7.0    7.0
   56   Sn        2.3446500000       4.6834900000      36.7101700000    7.0    7.0
Atoms.SpeciesAndCoordinates>

Atoms.UnitVectors.Unit  Ang
<Atoms.UnitVectors
     6.265610000000    -0.000030000000     0.003620000000
     0.000000000000     6.355210000000    -0.010990000000
     0.000360000000    -0.001100000000    63.028340000000
Atoms.UnitVectors>

Species.Number       2
<Definition.of.Atomic.Species
Co  Co6.0S-s2p3d2f1   Co_PBE19S
Sn  Sn7.0-s2p2d3f1    Sn_PBE19
Definition.of.Atomic.Species>

scf.restart    on

scf.fixed.grid  0.9549922622  0.6373743957  0.1051365317
